1 0.927 0.729 0.146 0.205
1 0.811 0.684 0.032 0.11
49 0.16 0.812 0.031 0.042
26 0.719 0.743 0.127 0.347
1 0.693 0.896 0.143 0.204
0 0.708 0.739 0.176 0.52
0 0.943 0.586 0.062 0.143
0 0.887 0.608 0.051 0.171
0 0.782 0.647 0.05 0.224
0 0.738 0.623 0.041 0.21
0 0.585 0.658 0.06 0.321
0 0.567 0.684 0.039 0.3
1 0.62 0.67 0.033 0.112
7 0.334 0.489 0.431 0.689
26 0.789 0.641 0.041 0.083
0 0.656 0.544 0.025 0.045
0 0.828 0.641 0.045 0.234
49 0.213 0.848 0.014 0.02
49 0.11 0.864 0.22 0.104
49 0.261 0.849 0.179 0.108
24 0.92 0.606 0.042 0.083
