30 0.499 0.588 0.08 0.021
30 0.203 0.548 0.12 0.029
0 0.204 0.432 0.092 0.244
0 0.308 0.149 0.021 0.054
0 0.16 0.119 0.015 0.044
0 0.497 0.488 0.073 0.221
0 0.387 0.346 0.035 0.121
0 0.821 0.484 0.078 0.219
0 0.809 0.364 0.045 0.109
0 0.429 0.281 0.043 0.084
0 0.738 0.245 0.023 0.085
0 0.885 0.223 0.034 0.063
0 0.717 0.158 0.028 0.05
0 0.44 0.176 0.017 0.053
31 0.206 0.153 0.028 0.015
0 0.456 0.191 0.022 0.071
31 0.385 0.403 0.066 0.018
30 0.385 0.402 0.065 0.011
30 0.734 0.283 0.062 0.014
30 0.426 0.322 0.038 0.011
30 0.688 0.269 0.013 0.004
30 0.782 0.199 0.014 0.005
30 0.984 0.344 0.022 0.013
30 0.459 0.226 0.015 0.012
30 0.895 0.255 0.02 0.009
0 0.508 0.185 0.981 0.371
