56 0.96 0.702 0.08 0.202
56 0.729 0.493 0.085 0.092
56 0.67 0.446 0.035 0.11
82 0.588 0.587 0.334 0.067
82 0.591 0.486 0.214 0.114
40 0.542 0.816 0.2 0.363
40 0.625 0.775 0.164 0.314
40 0.526 0.571 0.105 0.131
40 0.601 0.567 0.072 0.114
40 0.09 0.528 0.067 0.124
40 0.135 0.52 0.062 0.118
40 0.523 0.484 0.066 0.043
40 0.564 0.487 0.032 0.045
82 0.575 0.388 0.06 0.005
56 0.84 0.606 0.066 0.124
56 0.757 0.555 0.07 0.136
82 0.578 0.394 0.073 0.012
82 0.624 0.691 0.479 0.143
82 0.611 0.823 0.779 0.335
82 0.233 0.716 0.466 0.494
82 0.585 0.421 0.113 0.024
82 0.579 0.404 0.077 0.01
82 0.451 0.424 0.072 0.041
