34 0.622 0.374 0.05 0.057
0 0.437 0.681 0.15 0.264
0 0.552 0.489 0.11 0.216
0 0.603 0.524 0.073 0.117
0 0.65 0.492 0.081 0.173
0 0.302 0.315 0.056 0.162
0 0.232 0.335 0.041 0.079
0 0.168 0.376 0.04 0.072
0 0.091 0.415 0.034 0.074
0 0.739 0.236 0.056 0.063
0 0.751 0.282 0.053 0.067
0 0.472 0.432 0.033 0.044
56 0.671 0.447 0.017 0.023
0 0.113 0.323 0.045 0.061
35 0.579 0.542 0.019 0.028
56 0.687 0.408 0.039 0.035
56 0.768 0.418 0.039 0.062
0 0.209 0.398 0.051 0.125
56 0.749 0.408 0.041 0.035
56 0.727 0.449 0.043 0.027
56 0.646 0.408 0.043 0.036
56 0.986 0.394 0.028 0.028
56 0.925 0.416 0.018 0.061
0 0.499 0.24 0.998 0.48
