81 0.037 0.259 0.054 0.081
72 0.224 0.551 0.231 0.581
45 0.565 0.526 0.064 0.023
47 0.567 0.491 0.023 0.021
47 0.545 0.515 0.01 0.013
49 0.585 0.509 0.019 0.025
68 0.564 0.339 0.106 0.069
69 0.555 0.507 0.114 0.061
70 0.48 0.441 0.062 0.052
44 0.402 0.406 0.009 0.035
45 0.694 0.512 0.034 0.032
49 0.563 0.516 0.017 0.013
56 0.023 0.581 0.038 0.2
71 0.356 0.481 0.036 0.015
75 0.409 0.444 0.013 0.04
75 0.433 0.442 0.017 0.047
82 0.627 0.544 0.252 0.133
82 0.045 0.51 0.019 0.034
49 0.57 0.492 0.014 0.016
56 0.06 0.645 0.044 0.194
