25 0.713 0.394 0.488 0.726
25 0.548 0.156 0.172 0.265
0 0.282 0.717 0.154 0.544
0 0.577 0.695 0.186 0.342
0 0.847 0.737 0.187 0.471
0 0.956 0.671 0.085 0.635
0 0.149 0.614 0.12 0.369
0 0.789 0.876 0.18 0.248
0 0.184 0.196 0.109 0.301
0 0.422 0.168 0.119 0.203
0 0.364 0.318 0.228 0.226
0 0.218 0.287 0.07 0.221
16 0.299 0.332 0.13 0.173
16 0.407 0.063 0.087 0.11
0 0.472 0.83 0.159 0.316
24 0.253 0.387 0.095 0.119
24 0.311 0.135 0.035 0.076
26 0.624 0.892 0.104 0.171
0 0.065 0.656 0.127 0.522
0 0.094 0.483 0.117 0.27
0 0.452 0.499 0.9 0.997
