32 0.213 0.516 0.018 0.022
34 0.269 0.457 0.057 0.014
35 0.497 0.521 0.034 0.038
35 0.315 0.456 0.018 0.019
0 0.318 0.546 0.159 0.31
0 0.536 0.539 0.118 0.194
0 0.328 0.194 0.052 0.1
0 0.52 0.172 0.052 0.066
0 0.429 0.19 0.071 0.073
0 0.378 0.181 0.051 0.092
0 0.23 0.204 0.068 0.112
0 0.17 0.21 0.06 0.106
0 0.861 0.099 0.07 0.101
0 0.63 0.152 0.053 0.063
0 0.565 0.164 0.032 0.062
0 0.476 0.164 0.046 0.103
0 0.535 0.486 0.12 0.232
56 0.27 0.226 0.037 0.041
67 0.094 0.133 0.004 0.01
0 0.75 0.136 0.097 0.066
