0 0.656 0.592 0.14 0.454
0 0.084 0.447 0.056 0.137
29 0.578 0.451 0.054 0.051
56 0.362 0.58 0.051 0.107
56 0.415 0.579 0.054 0.106
56 0.474 0.577 0.059 0.1
56 0.295 0.579 0.057 0.105
56 0.245 0.581 0.057 0.113
56 0.136 0.579 0.058 0.106
56 0.352 0.555 0.046 0.113
56 0.514 0.57 0.035 0.111
56 0.41 0.513 0.043 0.018
56 0.189 0.58 0.053 0.112
56 0.084 0.573 0.052 0.129
56 0.477 0.523 0.045 0.029
82 0.326 0.523 0.273 0.016
0 0.053 0.528 0.074 0.288
0 0.167 0.465 0.055 0.121
56 0.288 0.515 0.039 0.011
56 0.233 0.524 0.046 0.027
