0 0.024 0.87 0.042 0.172
0 0.21 0.872 0.036 0.149
0 0.047 0.858 0.026 0.173
0 0.848 0.827 0.009 0.035
0 0.889 0.824 0.011 0.031
0 0.898 0.827 0.01 0.018
0 0.93 0.82 0.01 0.04
0 0.71 0.814 0.013 0.017
24 0.394 0.962 0.037 0.047
33 0.548 0.411 0.339 0.252
33 0.817 0.6 0.24 0.254
33 0.54 0.52 0.232 0.212
33 0.403 0.785 0.208 0.295
33 0.387 0.569 0.261 0.476
33 0.153 0.718 0.234 0.48
33 0.773 0.436 0.454 0.426
33 0.467 0.662 0.084 0.229
33 0.556 0.753 0.077 0.38
33 0.317 0.914 0.089 0.027
0 0.678 0.832 0.008 0.028
0 0.879 0.814 0.008 0.03
0 0.728 0.829 0.007 0.034
0 0.641 0.832 0.01 0.036
0 0.948 0.827 0.008 0.014
0 0.499 0.589 0.998 0.56
