0 0.434 0.104 0.352 0.208
65 0.123 0.323 0.111 0.175
65 0.557 0.312 0.127 0.131
65 0.375 0.301 0.122 0.191
65 0.747 0.262 0.133 0.212
73 0.101 0.149 0.007 0.07
73 0.661 0.054 0.162 0.101
73 0.282 0.138 0.032 0.126
73 0.873 0.05 0.012 0.1
73 0.623 0.158 0.012 0.069
73 0.685 0.159 0.027 0.07
73 0.316 0.14 0.022 0.119
73 0.832 0.048 0.013 0.096
73 0.361 0.107 0.019 0.061
73 0.637 0.159 0.015 0.066
73 0.859 0.05 0.015 0.098
73 0.038 0.152 0.015 0.067
73 0.661 0.16 0.032 0.067
73 0.499 0.114 0.998 0.227
