83 0.889 0.491 0.222 0.363
84 0.173 0.866 0.324 0.268
73 0.674 0.556 0.006 0.052
73 0.733 0.563 0.003 0.056
75 0.381 0.646 0.036 0.078
75 0.734 0.493 0.037 0.061
82 0.381 0.777 0.244 0.257
65 0.486 0.926 0.062 0.021
73 0.661 0.817 0.007 0.053
73 0.728 0.564 0.005 0.055
73 0.682 0.62 0.053 0.068
73 0.681 0.762 0.008 0.062
73 0.695 0.838 0.017 0.064
73 0.699 0.557 0.008 0.059
73 0.687 0.689 0.004 0.051
73 0.677 0.763 0.055 0.087
73 0.682 0.829 0.014 0.057
73 0.751 0.648 0.003 0.042
73 0.753 0.569 0.007 0.064
73 0.715 0.713 0.155 0.388
