8 0.473 0.662 0.812 0.326
0 0.503 0.565 0.119 0.171
0 0.3 0.505 0.072 0.173
0 0.658 0.492 0.06 0.085
0 0.543 0.54 0.072 0.156
0 0.71 0.482 0.053 0.083
0 0.144 0.476 0.044 0.128
0 0.202 0.474 0.075 0.19
25 0.099 0.364 0.117 0.115
25 0.146 0.355 0.14 0.107
25 0.256 0.362 0.183 0.199
25 0.324 0.342 0.121 0.116
25 0.449 0.351 0.184 0.107
25 0.355 0.435 0.131 0.062
25 0.479 0.455 0.157 0.131
25 0.572 0.398 0.158 0.12
25 0.619 0.3 0.173 0.092
25 0.342 0.306 0.097 0.046
25 0.74 0.438 0.124 0.171
25 0.429 0.307 0.105 0.072
0 0.437 0.557 0.08 0.153
0 0.379 0.542 0.072 0.156
0 0.347 0.537 0.065 0.136
0 0.25 0.498 0.06 0.149
0 0.677 0.47 0.035 0.069
0 0.181 0.426 0.037 0.083
25 0.617 0.338 0.164 0.087
0 0.362 0.472 0.564 0.227
