39 0.511 0.756 0.027 0.162
80 0.878 0.575 0.102 0.117
80 0.963 0.635 0.075 0.197
39 0.483 0.524 0.021 0.05
56 0.151 0.71 0.083 0.22
56 0.179 0.894 0.273 0.193
56 0.189 0.615 0.057 0.146
56 0.213 0.556 0.057 0.113
40 0.576 0.878 0.046 0.1
40 0.505 0.781 0.049 0.132
41 0.474 0.661 0.02 0.047
43 0.415 0.846 0.097 0.016
43 0.629 0.733 0.031 0.026
0 0.773 0.708 0.168 0.251
0 0.648 0.568 0.107 0.186
0 0.586 0.525 0.066 0.19
0 0.275 0.628 0.203 0.357
0 0.297 0.779 0.298 0.436
0 0.687 0.826 0.328 0.349
0 0.34 0.539 0.076 0.181
0 0.444 0.479 0.112 0.147
0 0.881 0.81 0.239 0.38
25 0.497 0.155 0.994 0.305
25 0.594 0.286 0.806 0.274
39 0.594 0.791 0.029 0.125
40 0.455 0.623 0.027 0.072
56 0.549 0.464 0.066 0.119
81 0.799 0.551 0.125 0.139
0 0.296 0.478 0.115 0.158
0 0.686 0.499 0.087 0.073
39 0.529 0.841 0.032 0.134
39 0.467 0.546 0.011 0.03
48 0.398 0.793 0.055 0.035
56 0.474 0.44 0.049 0.092
56 0.517 0.396 0.037 0.021
82 0.508 0.688 0.072 0.092
82 0.502 0.761 0.299 0.478
45 0.452 0.911 0.038 0.035
