8 0.47 0.54 0.812 0.079
8 0.612 0.257 0.199 0.032
8 0.037 0.271 0.071 0.022
0 0.291 0.532 0.031 0.138
0 0.396 0.522 0.033 0.161
0 0.492 0.558 0.044 0.166
0 0.536 0.507 0.05 0.062
0 0.656 0.605 0.07 0.13
0 0.676 0.507 0.037 0.092
0 0.736 0.546 0.039 0.146
8 0.815 0.208 0.049 0.017
0 0.82 0.555 0.032 0.175
0 0.838 0.543 0.023 0.147
7 0.82 0.224 0.069 0.043
24 0.759 0.538 0.035 0.08
26 0.827 0.542 0.026 0.088
24 0.828 0.538 0.025 0.076
0 0.629 0.533 0.045 0.177
28 0.527 0.54 0.048 0.073
28 0.408 0.558 0.026 0.043
28 0.381 0.548 0.007 0.032
0 0.502 0.491 0.023 0.048
8 0.423 0.256 0.105 0.032
