48 0.446 0.849 0.521 0.256
2 0.814 0.246 0.216 0.081
56 0.215 0.404 0.069 0.225
82 0.498 0.764 0.996 0.445
0 0.556 0.295 0.596 0.573
0 0.288 0.361 0.198 0.357
51 0.706 0.578 0.077 0.028
51 0.707 0.549 0.021 0.026
0 0.951 0.475 0.097 0.255
0 0.907 0.277 0.186 0.195
2 0.087 0.264 0.174 0.174
42 0.455 0.633 0.074 0.078
43 0.44 0.661 0.028 0.065
55 0.683 0.607 0.186 0.047
56 0.882 0.466 0.145 0.162
56 0.877 0.359 0.047 0.029
74 0.544 0.424 0.027 0.021
41 0.984 0.639 0.033 0.187
51 0.624 0.569 0.015 0.031
82 0.9 0.408 0.125 0.079
