5 0.184 0.571 0.06 0.021
9 0.246 0.495 0.022 0.052
9 0.321 0.354 0.063 0.116
9 0.68 0.485 0.023 0.044
0 0.365 0.758 0.21 0.483
9 0.196 0.539 0.012 0.028
9 0.278 0.505 0.021 0.04
24 0.37 0.656 0.133 0.093
0 0.772 0.704 0.107 0.34
0 0.841 0.648 0.069 0.233
0 0.501 0.721 0.108 0.34
0 0.601 0.71 0.103 0.36
0 0.637 0.609 0.061 0.154
0 0.972 0.75 0.057 0.422
0 0.741 0.577 0.031 0.048
0 0.891 0.709 0.086 0.308
0 0.437 0.607 0.026 0.064
0 0.709 0.629 0.048 0.146
5 0.029 0.565 0.046 0.05
9 0.413 0.36 0.119 0.194
0 0.463 0.613 0.038 0.093
2 0.917 0.582 0.047 0.071
0 0.941 0.648 0.061 0.215
0 0.437 0.621 0.523 0.158
