56 0.781 0.215 0.154 0.183
56 0.062 0.632 0.121 0.371
56 0.908 0.71 0.131 0.435
44 0.64 0.646 0.11 0.119
45 0.59 0.696 0.102 0.146
45 0.442 0.712 0.194 0.185
45 0.387 0.871 0.269 0.231
47 0.359 0.528 0.056 0.087
49 0.363 0.473 0.059 0.042
49 0.397 0.563 0.052 0.071
49 0.424 0.476 0.066 0.041
51 0.325 0.655 0.024 0.025
51 0.322 0.663 0.094 0.057
0 0.929 0.073 0.142 0.146
45 0.792 0.495 0.178 0.148
45 0.314 0.668 0.148 0.171
45 0.482 0.579 0.161 0.177
45 0.618 0.611 0.125 0.161
45 0.768 0.401 0.137 0.041
47 0.191 0.576 0.14 0.081
48 0.582 0.804 0.099 0.072
48 0.641 0.885 0.087 0.124
48 0.729 0.878 0.109 0.161
48 0.643 0.803 0.07 0.049
82 0.486 0.579 0.797 0.842
56 0.068 0.679 0.065 0.164
0 0.911 0.539 0.173 0.896
56 0.422 0.089 0.165 0.111
56 0.138 0.119 0.107 0.236
56 0.042 0.28 0.078 0.156
41 0.589 0.699 0.109 0.15
48 0.532 0.868 0.041 0.107
48 0.645 0.498 0.072 0.084
48 0.713 0.803 0.071 0.05
48 0.551 0.879 0.031 0.115
48 0.616 0.896 0.125 0.125
49 0.361 0.521 0.05 0.07
