80 0.197 0.624 0.355 0.285
5 0.531 0.265 0.166 0.259
0 0.679 0.2 0.011 0.052
0 0.098 0.306 0.024 0.059
2 0.736 0.445 0.208 0.235
2 0.79 0.753 0.42 0.471
2 0.039 0.469 0.079 0.242
2 0.072 0.451 0.121 0.221
2 0.111 0.414 0.128 0.172
2 0.178 0.386 0.088 0.13
5 0.714 0.168 0.067 0.132
7 0.717 0.162 0.069 0.119
7 0.821 0.266 0.115 0.113
7 0.77 0.217 0.1 0.076
0 0.975 0.416 0.05 0.172
2 0.289 0.331 0.09 0.118
2 0.691 0.309 0.093 0.115
2 0.415 0.318 0.08 0.102
2 0.271 0.357 0.076 0.136
2 0.773 0.288 0.086 0.095
2 0.659 0.226 0.051 0.062
80 0.181 0.422 0.054 0.121
2 0.899 0.399 0.13 0.164
80 0.706 0.06 0.006 0.009
0 0.205 0.516 0.141 0.407
2 0.576 0.344 0.845 0.684
