81 0.112 0.577 0.024 0.038
81 0.11 0.471 0.031 0.287
83 0.057 0.427 0.113 0.392
56 0.328 0.657 0.21 0.387
84 0.9 0.782 0.2 0.416
73 0.596 0.687 0.007 0.06
73 0.588 0.688 0.006 0.057
73 0.59 0.605 0.007 0.078
73 0.561 0.682 0.011 0.069
73 0.57 0.607 0.008 0.077
73 0.564 0.61 0.005 0.071
73 0.584 0.606 0.007 0.081
73 0.559 0.603 0.08 0.089
73 0.489 0.607 0.007 0.077
73 0.479 0.61 0.005 0.074
73 0.568 0.686 0.005 0.065
73 0.581 0.682 0.004 0.068
73 0.572 0.523 0.006 0.065
73 0.511 0.599 0.175 0.245
