1 0.274 0.888 0.367 0.206
80 0.407 0.893 0.255 0.197
80 0.528 0.79 0.192 0.261
80 0.599 0.765 0.121 0.144
80 0.394 0.633 0.021 0.05
0 0.776 0.802 0.104 0.374
1 0.462 0.814 0.098 0.066
0 0.018 0.653 0.035 0.186
0 0.62 0.676 0.022 0.058
0 0.571 0.657 0.017 0.065
0 0.519 0.659 0.026 0.086
0 0.496 0.656 0.022 0.077
24 0.816 0.77 0.035 0.127
0 0.745 0.671 0.028 0.06
0 0.665 0.692 0.022 0.111
0 0.318 0.611 0.014 0.072
0 0.379 0.622 0.024 0.07
0 0.68 0.7 0.022 0.061
0 0.596 0.661 0.015 0.068
0 0.712 0.725 0.038 0.219
0 0.412 0.654 0.572 0.167
