80 0.059 0.758 0.115 0.223
80 0.951 0.766 0.098 0.217
6 0.506 0.566 0.988 0.265
9 0.113 0.157 0.02 0.096
9 0.09 0.155 0.019 0.091
9 0.944 0.377 0.034 0.138
9 0.926 0.181 0.078 0.105
9 0.071 0.352 0.042 0.151
9 0.06 0.156 0.035 0.098
9 0.91 0.34 0.034 0.12
10 0.183 0.693 0.041 0.191
10 0.826 0.707 0.034 0.178
0 0.23 0.525 0.041 0.065
0 0.155 0.534 0.021 0.039
0 0.126 0.532 0.025 0.044
0 0.34 0.541 0.017 0.024
0 0.85 0.552 0.027 0.039
0 0.202 0.544 0.01 0.021
0 0.705 0.549 0.009 0.03
0 0.801 0.557 0.011 0.022
0 0.881 0.557 0.013 0.023
