0 0.634 0.472 0.714 0.646
0 0.316 0.315 0.524 0.63
0 0.752 0.126 0.314 0.207
26 0.297 0.239 0.084 0.247
39 0.938 0.861 0.122 0.271
47 0.412 0.662 0.142 0.094
47 0.409 0.752 0.185 0.106
47 0.103 0.939 0.206 0.122
47 0.323 0.861 0.135 0.128
47 0.15 0.974 0.265 0.052
49 0.585 0.721 0.221 0.127
49 0.563 0.838 0.168 0.117
49 0.737 0.781 0.171 0.079
49 0.459 0.937 0.276 0.126
49 0.663 0.945 0.196 0.111
49 0.23 0.779 0.19 0.127
49 0.148 0.878 0.219 0.133
49 0.476 0.625 0.133 0.085
49 0.709 0.706 0.126 0.082
49 0.112 0.68 0.225 0.12
0 0.061 0.347 0.115 0.353
49 0.747 0.844 0.221 0.151
47 0.474 0.854 0.197 0.093
