2 0.897 0.424 0.206 0.633
80 0.394 0.618 0.564 0.747
80 0.638 0.493 0.151 0.339
80 0.153 0.531 0.094 0.236
7 0.896 0.436 0.203 0.654
0 0.408 0.528 0.392 0.827
0 0.068 0.578 0.133 0.822
0 0.267 0.293 0.041 0.075
0 0.62 0.198 0.045 0.049
0 0.661 0.244 0.06 0.134
0 0.739 0.369 0.088 0.36
0 0.754 0.178 0.031 0.056
0 0.212 0.448 0.084 0.396
0 0.556 0.26 0.07 0.104
0 0.726 0.204 0.037 0.121
0 0.627 0.264 0.077 0.092
80 0.082 0.629 0.084 0.198
80 0.76 0.578 0.1 0.155
0 0.778 0.244 0.037 0.069
0 0.065 0.179 0.042 0.115
0 0.486 0.209 0.888 0.334
