32 0.813 0.62 0.014 0.021
32 0.828 0.643 0.014 0.023
32 0.812 0.64 0.016 0.021
32 0.833 0.604 0.015 0.02
32 0.798 0.651 0.018 0.021
0 0.246 0.571 0.148 0.559
0 0.135 0.584 0.144 0.72
0 0.291 0.41 0.086 0.335
0 0.041 0.359 0.078 0.263
0 0.381 0.575 0.111 0.15
0 0.16 0.394 0.045 0.265
0 0.055 0.542 0.066 0.501
32 0.835 0.582 0.016 0.024
32 0.825 0.585 0.007 0.022
32 0.828 0.624 0.016 0.02
32 0.793 0.613 0.015 0.019
32 0.78 0.601 0.018 0.027
32 0.821 0.604 0.013 0.02
38 0.247 0.501 0.098 0.103
38 0.329 0.606 0.047 0.068
0 0.012 0.343 0.024 0.149
0 0.47 0.557 0.097 0.142
0 0.177 0.323 0.021 0.073
32 0.798 0.581 0.014 0.018
56 0.677 0.212 0.068 0.076
32 0.813 0.657 0.011 0.015
32 0.805 0.618 0.089 0.11
