2 0.55 0.509 0.281 0.153
2 0.215 0.532 0.43 0.239
9 0.938 0.368 0.007 0.022
9 0.907 0.416 0.007 0.012
9 0.878 0.396 0.006 0.007
9 0.189 0.195 0.02 0.049
9 0.868 0.391 0.008 0.021
9 0.968 0.424 0.004 0.008
0 0.321 0.317 0.31 0.575
0 0.595 0.501 0.054 0.321
0 0.635 0.511 0.052 0.304
0 0.725 0.509 0.071 0.311
0 0.815 0.511 0.111 0.434
0 0.214 0.512 0.075 0.312
36 0.301 0.694 0.184 0.339
0 0.373 0.474 0.03 0.071
0 0.301 0.544 0.062 0.218
0 0.412 0.472 0.026 0.094
2 0.876 0.461 0.057 0.064
2 0.918 0.475 0.036 0.054
2 0.946 0.472 0.022 0.031
9 0.977 0.428 0.007 0.018
9 0.962 0.434 0.009 0.012
24 0.063 0.453 0.025 0.072
0 0.041 0.509 0.05 0.318
9 0.847 0.363 0.008 0.013
9 0.935 0.394 0.007 0.022
9 0.816 0.195 0.054 0.074
24 0.608 0.453 0.035 0.053
24 0.226 0.412 0.017 0.019
25 0.431 0.372 0.082 0.046
25 0.479 0.374 0.055 0.047
2 0.981 0.476 0.031 0.042
9 0.911 0.431 0.007 0.01
26 0.731 0.46 0.043 0.131
67 0.832 0.339 0.013 0.023
9 0.523 0.281 0.725 0.242
