0 0.609 0.66 0.174 0.676
0 0.743 0.545 0.075 0.352
0 0.498 0.408 0.058 0.141
0 0.83 0.451 0.016 0.045
0 0.271 0.48 0.09 0.281
0 0.065 0.71 0.124 0.499
0 0.415 0.409 0.064 0.142
45 0.481 0.666 0.071 0.037
45 0.536 0.672 0.05 0.026
46 0.944 0.709 0.097 0.133
47 0.936 0.775 0.072 0.072
49 0.986 0.708 0.027 0.052
39 0.147 0.697 0.023 0.105
39 0.284 0.607 0.016 0.049
39 0.293 0.606 0.011 0.05
39 0.342 0.585 0.022 0.094
47 0.993 0.663 0.013 0.043
71 0.314 0.833 0.318 0.141
0 0.679 0.449 0.023 0.03
0 0.046 0.489 0.067 0.183
49 0.98 0.76 0.04 0.096
72 0.883 0.736 0.234 0.5
43 0.473 0.51 0.016 0.06
43 0.494 0.492 0.005 0.023
45 0.47 0.65 0.086 0.058
45 0.411 0.493 0.036 0.029
