2 0.498 0.66 0.057 0.039
2 0.84 0.673 0.161 0.061
2 0.745 0.648 0.042 0.021
0 0.424 0.718 0.099 0.159
0 0.883 0.752 0.172 0.32
2 0.329 0.677 0.136 0.051
2 0.352 0.665 0.136 0.044
2 0.385 0.658 0.092 0.037
0 0.139 0.656 0.039 0.055
0 0.182 0.657 0.023 0.035
2 0.952 0.65 0.047 0.014
2 0.425 0.643 0.025 0.008
0 0.528 0.645 0.025 0.02
0 0.105 0.655 0.022 0.035
28 0.709 0.807 0.135 0.226
0 0.24 0.636 0.021 0.023
0 0.261 0.638 0.021 0.015
0 0.33 0.635 0.02 0.015
2 0.75 0.656 0.501 0.047
2 0.909 0.65 0.039 0.028
2 0.487 0.638 0.041 0.012
28 0.27 0.717 0.046 0.018
2 0.679 0.646 0.047 0.028
0 0.256 0.669 0.064 0.044
5 0.671 0.633 0.095 0.042
0 0.553 0.771 0.241 0.246
0 0.215 0.655 0.021 0.042
0 0.282 0.636 0.017 0.013
0 0.553 0.649 0.805 0.067
