25 0.43 0.293 0.319 0.429
25 0.511 0.361 0.136 0.097
1 0.693 0.706 0.058 0.238
1 0.781 0.665 0.172 0.348
2 0.64 0.52 0.027 0.04
2 0.956 0.65 0.088 0.331
2 0.903 0.539 0.047 0.053
56 0.121 0.675 0.114 0.305
0 0.255 0.536 0.108 0.296
0 0.101 0.577 0.116 0.412
0 0.446 0.489 0.028 0.043
0 0.412 0.5 0.022 0.08
7 0.814 0.552 0.171 0.181
25 0.162 0.045 0.197 0.09
25 0.56 0.449 0.08 0.122
25 0.569 0.457 0.062 0.034
56 0.344 0.578 0.056 0.13
56 0.381 0.495 0.026 0.019
56 0.464 0.56 0.027 0.079
56 0.012 0.586 0.021 0.043
56 0.242 0.614 0.073 0.137
0 0.472 0.499 0.047 0.069
2 0.935 0.524 0.041 0.047
82 0.299 0.565 0.067 0.106
82 0.465 0.514 0.062 0.02
26 0.756 0.58 0.041 0.117
56 0.409 0.543 0.017 0.059
