38 0.199 0.369 0.097 0.134
0 0.345 0.475 0.211 0.494
0 0.521 0.315 0.067 0.088
0 0.58 0.308 0.064 0.099
0 0.651 0.305 0.06 0.111
0 0.864 0.279 0.066 0.099
0 0.889 0.176 0.053 0.097
0 0.794 0.303 0.073 0.126
0 0.169 0.363 0.07 0.35
0 0.635 0.268 0.042 0.084
0 0.677 0.235 0.055 0.108
0 0.732 0.267 0.069 0.095
56 0.415 0.267 0.055 0.058
56 0.464 0.278 0.069 0.081
56 0.548 0.172 0.045 0.067
56 0.268 0.16 0.04 0.044
56 0.325 0.205 0.021 0.037
56 0.218 0.205 0.022 0.042
56 0.375 0.109 0.01 0.033
56 0.84 0.112 0.047 0.043
0 0.836 0.2 0.045 0.108
56 0.324 0.155 0.03 0.037
56 0.857 0.067 0.034 0.05
0 0.295 0.246 0.077 0.174
0 0.499 0.28 0.998 0.56
