6 0.256 0.806 0.509 0.363
0 0.6 0.817 0.116 0.366
0 0.504 0.848 0.058 0.293
0 0.421 0.863 0.065 0.268
0 0.68 0.704 0.061 0.167
0 0.53 0.774 0.037 0.208
24 0.429 0.819 0.039 0.124
24 0.577 0.812 0.07 0.157
0 0.96 0.674 0.081 0.371
0 0.774 0.687 0.05 0.209
26 0.488 0.816 0.036 0.131
28 0.703 0.871 0.083 0.229
28 0.402 0.939 0.051 0.118
28 0.646 0.711 0.014 0.042
0 0.841 0.717 0.106 0.359
0 0.626 0.683 0.032 0.118
0 0.605 0.678 0.031 0.112
24 0.544 0.741 0.045 0.087
26 0.551 0.893 0.035 0.099
28 0.763 0.742 0.038 0.092
28 0.822 0.803 0.06 0.127
28 0.486 0.943 0.023 0.111
28 0.71 0.717 0.028 0.078
0 0.733 0.655 0.047 0.181
