83 0.396 0.723 0.294 0.486
74 0.431 0.546 0.029 0.055
74 0.806 0.443 0.035 0.052
73 0.778 0.795 0.043 0.106
73 0.762 0.794 0.039 0.109
73 0.703 0.765 0.041 0.119
73 0.747 0.777 0.044 0.126
73 0.784 0.811 0.016 0.087
73 0.809 0.814 0.025 0.1
73 0.828 0.817 0.009 0.109
73 0.844 0.823 0.027 0.11
75 0.705 0.437 0.039 0.052
73 0.727 0.773 0.032 0.119
73 0.907 0.825 0.036 0.134
75 0.786 0.645 0.025 0.079
0 0.096 0.484 0.058 0.105
0 0.041 0.117 0.025 0.101
56 0.947 0.816 0.106 0.369
81 0.943 0.401 0.113 0.198
81 0.658 0.216 0.098 0.151
0 0.079 0.287 0.06 0.139
