0 0.422 0.517 0.354 0.965
0 0.156 0.608 0.292 0.785
0 0.235 0.348 0.131 0.218
0 0.944 0.565 0.112 0.459
40 0.234 0.498 0.053 0.173
40 0.852 0.689 0.183 0.262
40 0.548 0.398 0.068 0.233
0 0.027 0.862 0.055 0.273
39 0.703 0.545 0.019 0.11
39 0.737 0.543 0.015 0.114
39 0.753 0.541 0.02 0.12
39 0.769 0.539 0.023 0.121
39 0.7 0.393 0.021 0.109
39 0.648 0.412 0.048 0.03
39 0.646 0.446 0.052 0.03
39 0.648 0.517 0.053 0.031
39 0.706 0.708 0.019 0.09
39 0.74 0.71 0.022 0.1
39 0.78 0.718 0.025 0.102
39 0.719 0.544 0.022 0.117
39 0.645 0.377 0.047 0.031
39 0.597 0.426 0.763 0.664
