82 0.592 0.691 0.516 0.52
40 0.607 0.683 0.047 0.147
40 0.506 0.485 0.023 0.059
40 0.505 0.708 0.049 0.156
40 0.497 0.598 0.038 0.073
40 0.551 0.496 0.029 0.078
40 0.522 0.417 0.014 0.029
0 0.75 0.608 0.267 0.573
0 0.094 0.477 0.161 0.342
0 0.674 0.447 0.053 0.225
0 0.569 0.412 0.184 0.266
40 0.525 0.541 0.026 0.096
40 0.507 0.461 0.022 0.017
40 0.581 0.509 0.025 0.081
56 0.05 0.598 0.093 0.268
56 0.131 0.548 0.105 0.241
0 0.451 0.417 0.115 0.221
0 0.622 0.383 0.053 0.162
0 0.222 0.348 0.041 0.059
0 0.186 0.379 0.05 0.109
0 0.681 0.506 0.052 0.132
0 0.412 0.503 0.239 0.406
0 0.245 0.706 0.309 0.564
13 0.728 0.671 0.545 0.636
26 0.565 0.855 0.111 0.145
40 0.549 0.439 0.017 0.034
40 0.065 0.424 0.016 0.036
41 0.546 0.637 0.046 0.074
56 0.05 0.893 0.097 0.203
0 0.251 0.397 0.098 0.111
82 0.1 0.472 0.198 0.109
0 0.03 0.392 0.058 0.107
26 0.627 0.475 0.005 0.086
