14 0.448 0.526 0.189 0.163
14 0.223 0.36 0.119 0.136
14 0.081 0.96 0.087 0.08
56 0.654 0.771 0.637 0.428
56 0.53 0.328 0.086 0.169
1 0.06 0.229 0.049 0.083
0 0.357 0.266 0.122 0.259
0 0.487 0.276 0.106 0.267
0 0.639 0.24 0.046 0.097
0 0.329 0.226 0.042 0.126
0 0.561 0.24 0.059 0.162
0 0.669 0.195 0.028 0.072
0 0.548 0.16 0.06 0.139
56 0.372 0.321 0.096 0.172
81 0.187 0.32 0.239 0.213
81 0.91 0.216 0.078 0.106
0 0.286 0.221 0.052 0.104
1 0.245 0.197 0.021 0.05
1 0.04 0.232 0.021 0.066
1 0.028 0.245 0.013 0.049
24 0.327 0.151 0.015 0.014
0 0.471 0.227 0.045 0.104
0 0.432 0.284 0.067 0.237
0 0.694 0.223 0.043 0.128
0 0.127 0.186 0.038 0.12
24 0.899 0.418 0.199 0.184
56 0.642 0.262 0.074 0.084
56 0.671 0.364 0.057 0.074
81 0.038 0.466 0.076 0.211
0 0.971 0.192 0.036 0.078
56 0.272 0.254 0.019 0.032
56 0.291 0.475 0.062 0.125
56 0.297 0.263 0.027 0.053
56 0.866 0.392 0.269 0.248
56 0.761 0.249 0.092 0.07
56 0.319 0.267 0.026 0.075
56 0.341 0.259 0.028 0.06
0 0.556 0.253 0.803 0.333
56 0.591 0.59 0.802 0.815
