2 0.799 0.274 0.203 0.079
2 0.984 0.247 0.031 0.011
7 0.948 0.284 0.102 0.069
7 0.912 0.231 0.118 0.043
34 0.667 0.394 0.143 0.092
0 0.397 0.506 0.331 0.443
0 0.565 0.492 0.215 0.628
0 0.277 0.26 0.032 0.086
0 0.184 0.34 0.056 0.157
0 0.078 0.273 0.073 0.108
0 0.305 0.331 0.062 0.157
0 0.412 0.312 0.036 0.092
13 0.157 0.375 0.204 0.07
13 0.326 0.365 0.104 0.056
0 0.256 0.338 0.05 0.163
0 0.138 0.29 0.056 0.136
0 0.128 0.347 0.045 0.156
0 0.395 0.318 0.027 0.102
2 0.679 0.3 0.077 0.059
2 0.653 0.28 0.043 0.02
56 0.384 0.641 0.279 0.435
0 0.334 0.244 0.022 0.064
13 0.221 0.314 0.028 0.007
0 0.32 0.259 0.034 0.085
5 0.925 0.239 0.151 0.153
0 0.218 0.323 0.352 0.237
