84 0.156 0.587 0.311 0.395
56 0.647 0.422 0.18 0.209
73 0.805 0.313 0.01 0.036
73 0.811 0.245 0.012 0.034
73 0.663 0.245 0.01 0.037
73 0.775 0.314 0.006 0.033
73 0.699 0.303 0.09 0.053
73 0.782 0.311 0.01 0.04
26 0.404 0.726 0.286 0.106
73 0.806 0.196 0.021 0.038
73 0.709 0.203 0.013 0.022
73 0.788 0.459 0.066 0.052
73 0.762 0.315 0.009 0.031
75 0.705 0.161 0.033 0.02
75 0.787 0.147 0.045 0.047
73 0.764 0.402 0.015 0.048
73 0.783 0.404 0.02 0.051
63 0.365 0.472 0.095 0.022
73 0.809 0.405 0.032 0.052
