30 0.5 0.836 0.615 0.255
24 0.428 0.49 0.159 0.206
24 0.847 0.536 0.089 0.086
24 0.594 0.412 0.019 0.048
0 0.43 0.575 0.359 0.566
0 0.53 0.404 0.153 0.171
0 0.838 0.584 0.147 0.267
0 0.777 0.442 0.059 0.084
0 0.794 0.373 0.021 0.056
0 0.643 0.371 0.066 0.085
0 0.72 0.358 0.04 0.051
0 0.69 0.349 0.032 0.064
0 0.61 0.434 0.082 0.122
0 0.612 0.352 0.052 0.072
0 0.555 0.313 0.051 0.072
0 0.855 0.376 0.028 0.043
24 0.553 0.303 0.031 0.029
0 0.534 0.297 0.048 0.052
24 0.866 0.369 0.011 0.01
30 0.847 0.708 0.216 0.084
30 0.528 0.737 0.431 0.203
30 0.654 0.414 0.041 0.012
0 0.576 0.466 0.575 0.595
