82 0.514 0.665 0.616 0.647
0 0.101 0.721 0.201 0.526
0 0.267 0.669 0.19 0.559
0 0.379 0.366 0.134 0.238
0 0.711 0.548 0.172 0.446
0 0.864 0.52 0.217 0.215
0 0.731 0.78 0.539 0.413
0 0.628 0.412 0.117 0.272
0 0.25 0.382 0.146 0.225
41 0.554 0.764 0.049 0.113
41 0.524 0.694 0.043 0.069
42 0.288 0.864 0.034 0.067
82 0.934 0.444 0.132 0.083
82 0.441 0.333 0.088 0.031
0 0.024 0.396 0.048 0.188
0 0.737 0.359 0.139 0.176
0 0.597 0.331 0.056 0.101
41 0.619 0.951 0.063 0.098
41 0.33 0.87 0.032 0.12
41 0.423 0.668 0.043 0.057
41 0.454 0.545 0.019 0.047
41 0.525 0.527 0.033 0.043
41 0.404 0.616 0.038 0.099
41 0.489 0.642 0.045 0.079
41 0.54 0.512 0.029 0.058
56 0.478 0.344 0.037 0.104
56 0.896 0.387 0.049 0.086
56 0.788 0.376 0.035 0.109
56 0.548 0.34 0.029 0.063
56 0.853 0.392 0.041 0.084
56 0.044 0.41 0.027 0.138
56 0.434 0.378 0.049 0.157
41 0.478 0.57 0.033 0.054
41 0.435 0.492 0.023 0.035
44 0.29 0.97 0.109 0.026
25 0.055 0.326 0.017 0.156
41 0.532 0.472 0.022 0.032
42 0.367 0.592 0.027 0.029
42 0.582 0.515 0.023 0.023
43 0.276 0.967 0.131 0.045
42 0.598 0.686 0.034 0.037
41 0.477 0.554 0.17 0.285
