0 0.618 0.373 0.171 0.262
0 0.635 0.704 0.008 0.049
37 0.374 0.827 0.013 0.014
37 0.676 0.488 0.105 0.029
0 0.34 0.745 0.023 0.059
33 0.502 0.419 0.032 0.076
33 0.854 0.295 0.064 0.099
33 0.143 0.4 0.019 0.054
33 0.093 0.027 0.049 0.055
33 0.246 0.21 0.034 0.065
0 0.373 0.683 0.01 0.023
0 0.39 0.683 0.01 0.019
0 0.421 0.686 0.009 0.023
0 0.67 0.739 0.028 0.053
0 0.718 0.734 0.017 0.065
0 0.754 0.685 0.01 0.03
0 0.347 0.786 0.04 0.063
0 0.492 0.697 0.011 0.038
0 0.292 0.713 0.008 0.042
0 0.404 0.688 0.008 0.017
