8 0.336 0.856 0.235 0.09
0 0.475 0.765 0.108 0.282
0 0.414 0.74 0.055 0.189
0 0.347 0.666 0.026 0.033
0 0.321 0.674 0.019 0.032
0 0.309 0.653 0.015 0.03
2 0.811 0.571 0.024 0.019
2 0.777 0.566 0.03 0.017
2 0.761 0.566 0.018 0.013
2 0.749 0.565 0.028 0.019
8 0.577 0.61 0.121 0.05
8 0.328 0.694 0.105 0.038
8 0.293 0.679 0.142 0.043
0 0.322 0.602 0.011 0.025
0 0.967 0.77 0.031 0.057
0 0.324 0.658 0.015 0.041
0 0.302 0.618 0.01 0.032
2 0.719 0.565 0.017 0.018
2 0.864 0.564 0.027 0.017
8 0.414 0.608 0.069 0.031
8 0.448 0.593 0.048 0.047
8 0.343 0.637 0.073 0.038
8 0.929 0.655 0.064 0.025
8 0.479 0.541 0.093 0.143
37 0.337 0.808 0.196 0.05
0 0.944 0.632 0.013 0.018
2 0.785 0.567 0.015 0.014
2 0.733 0.567 0.018 0.018
2 0.8 0.562 0.012 0.018
8 0.119 0.599 0.119 0.029
8 0.032 0.604 0.065 0.059
8 0.787 0.597 0.096 0.062
37 0.207 0.931 0.162 0.138
0 0.917 0.638 0.017 0.032
0 0.362 0.599 0.01 0.023
0 0.93 0.641 0.011 0.018
8 0.636 0.598 0.048 0.042
8 0.207 0.932 0.177 0.131
