1 0.758 0.437 0.054 0.04
5 0.25 0.593 0.198 0.302
5 0.409 0.416 0.102 0.207
5 0.95 0.46 0.1 0.175
5 0.496 0.304 0.075 0.14
0 0.843 0.408 0.028 0.091
1 0.778 0.432 0.027 0.04
5 0.535 0.419 0.111 0.173
5 0.726 0.213 0.044 0.077
0 0.755 0.416 0.036 0.097
0 0.212 0.439 0.018 0.051
5 0.924 0.211 0.058 0.088
5 0.526 0.201 0.035 0.068
0 0.191 0.429 0.017 0.075
0 0.329 0.327 0.014 0.068
0 0.373 0.287 0.014 0.058
0 0.014 0.664 0.025 0.132
2 0.555 0.514 0.076 0.097
2 0.717 0.701 0.129 0.177
2 0.525 0.667 0.117 0.161
2 0.464 0.567 0.09 0.115
2 0.337 0.774 0.122 0.155
5 0.614 0.365 0.098 0.179
5 0.564 0.275 0.066 0.12
0 0.306 0.356 0.025 0.068
0 0.351 0.293 0.011 0.058
0 0.759 0.389 0.01 0.035
0 0.181 0.457 0.023 0.055
2 0.682 0.373 0.048 0.095
2 0.663 0.274 0.037 0.034
2 0.556 0.795 0.117 0.146
2 0.532 0.584 0.104 0.107
2 0.836 0.294 0.054 0.051
2 0.816 0.355 0.059 0.063
2 0.676 0.455 0.072 0.083
5 0.582 0.242 0.054 0.077
2 0.943 0.328 0.061 0.085
5 0.58 0.189 0.043 0.044
0 0.116 0.538 0.019 0.084
5 0.958 0.235 0.058 0.098
0 0.258 0.421 0.03 0.045
2 0.57 0.447 0.856 0.61
5 0.703 0.415 0.222 0.493
