16 0.34 0.631 0.049 0.034
8 0.352 0.459 0.074 0.143
8 0.131 0.458 0.1 0.112
0 0.663 0.612 0.038 0.16
0 0.75 0.631 0.033 0.115
0 0.465 0.542 0.012 0.075
0 0.791 0.602 0.03 0.15
0 0.901 0.513 0.015 0.047
0 0.558 0.535 0.021 0.069
0 0.527 0.529 0.016 0.065
0 0.379 0.511 0.014 0.037
0 0.775 0.619 0.026 0.132
0 0.866 0.514 0.043 0.054
0 0.754 0.514 0.014 0.029
0 0.501 0.535 0.017 0.063
8 0.31 0.45 0.047 0.062
8 0.85 0.53 0.044 0.019
8 0.76 0.453 0.069 0.148
8 0.833 0.444 0.062 0.135
0 0.544 0.53 0.01 0.048
8 0.573 0.464 0.031 0.013
8 0.465 0.459 0.131 0.218
8 0.938 0.469 0.042 0.008
8 0.705 0.466 0.025 0.006
0 0.56 0.509 0.82 0.128
