39 0.26 0.771 0.023 0.09
39 0.462 0.674 0.022 0.075
39 0.988 0.648 0.024 0.09
84 0.145 0.763 0.286 0.45
84 0.871 0.639 0.241 0.211
0 0.557 0.542 0.581 0.894
0 0.754 0.608 0.345 0.762
63 0.522 0.669 0.112 0.09
65 0.797 0.253 0.045 0.072
65 0.522 0.323 0.022 0.014
63 0.247 0.747 0.071 0.088
65 0.202 0.782 0.034 0.032
73 0.577 0.47 0.005 0.027
73 0.539 0.599 0.042 0.045
73 0.579 0.599 0.006 0.038
73 0.563 0.597 0.009 0.037
73 0.591 0.554 0.005 0.034
65 0.733 0.44 0.014 0.026
65 0.894 0.358 0.022 0.028
65 0.829 0.154 0.031 0.026
73 0.523 0.555 0.011 0.034
