33 0.56 0.319 0.48 0.24
0 0.668 0.668 0.011 0.042
0 0.717 0.654 0.015 0.056
0 0.454 0.667 0.024 0.063
0 0.57 0.658 0.014 0.052
0 0.545 0.681 0.012 0.024
2 0.227 0.67 0.051 0.037
0 0.795 0.644 0.008 0.035
0 0.487 0.666 0.015 0.06
0 0.632 0.666 0.016 0.048
0 0.867 0.617 0.011 0.027
0 0.648 0.669 0.015 0.042
0 0.501 0.666 0.017 0.054
2 0.686 0.62 0.015 0.016
2 0.832 0.6 0.025 0.018
2 0.964 0.571 0.036 0.013
2 0.929 0.578 0.028 0.015
2 0.616 0.626 0.024 0.018
2 0.743 0.614 0.03 0.019
2 0.378 0.646 0.019 0.015
2 0.778 0.607 0.024 0.019
0 0.138 0.674 0.016 0.03
2 0.426 0.647 0.052 0.023
2 0.847 0.598 0.017 0.014
2 0.857 0.586 0.013 0.018
0 0.686 0.662 0.017 0.059
0 0.568 0.657 0.817 0.119
