1 0.505 0.782 0.058 0.244
2 0.887 0.719 0.226 0.535
2 0.352 0.469 0.132 0.101
2 0.106 0.453 0.105 0.09
0 0.526 0.647 0.13 0.447
0 0.427 0.668 0.13 0.476
0 0.7 0.519 0.039 0.178
0 0.625 0.52 0.044 0.179
0 0.529 0.423 0.031 0.053
0 0.558 0.439 0.033 0.068
0 0.213 0.436 0.024 0.089
9 0.149 0.298 0.044 0.076
24 0.359 0.663 0.069 0.259
25 0.554 0.384 0.142 0.149
26 0.493 0.58 0.096 0.177
0 0.222 0.375 0.022 0.032
0 0.2 0.374 0.022 0.034
0 0.252 0.43 0.029 0.099
0 0.484 0.42 0.035 0.046
2 0.011 0.377 0.019 0.027
26 0.359 0.619 0.063 0.157
