39 0.305 0.81 0.139 0.339
39 0.353 0.912 0.061 0.176
56 0.736 0.567 0.119 0.257
56 0.457 0.631 0.12 0.323
56 0.455 0.432 0.048 0.101
41 0.761 0.729 0.081 0.156
41 0.851 0.682 0.075 0.189
41 0.087 0.944 0.08 0.11
43 0.514 0.873 0.228 0.046
53 0.568 0.912 0.13 0.053
0 0.221 0.498 0.43 0.882
0 0.595 0.5 0.266 0.564
0 0.555 0.229 0.163 0.364
0 0.677 0.268 0.062 0.177
0 0.834 0.244 0.063 0.183
0 0.904 0.256 0.18 0.333
0 0.896 0.431 0.208 0.381
41 0.372 0.816 0.076 0.279
41 0.955 0.822 0.09 0.328
43 0.746 0.936 0.167 0.07
81 0.425 0.213 0.153 0.272
82 0.777 0.744 0.435 0.279
82 0.566 0.79 0.32 0.11
72 0.772 0.264 0.096 0.168
75 0.451 0.261 0.072 0.178
39 0.17 0.864 0.092 0.154
42 0.477 0.917 0.153 0.043
43 0.727 0.908 0.113 0.039
56 0.018 0.71 0.021 0.122
81 0.784 0.125 0.143 0.124
75 0.791 0.158 0.034 0.04
0 0.053 0.469 0.103 0.481
0 0.392 0.369 0.1 0.209
0 0.767 0.36 0.127 0.182
0 0.079 0.24 0.066 0.104
41 0.788 0.631 0.078 0.215
