41 0.793 0.397 0.105 0.142
63 0.532 0.503 0.646 0.845
64 0.938 0.615 0.122 0.138
73 0.607 0.065 0.081 0.126
73 0.474 0.054 0.044 0.109
73 0.665 0.12 0.088 0.237
73 0.501 0.06 0.066 0.11
73 0.565 0.063 0.096 0.122
73 0.653 0.107 0.075 0.213
73 0.454 0.053 0.056 0.106
73 0.421 0.051 0.036 0.1
73 0.41 0.05 0.035 0.101
41 0.757 0.349 0.056 0.112
66 0.493 0.57 0.474 0.193
73 0.633 0.085 0.055 0.123
73 0.395 0.048 0.034 0.096
66 0.705 0.424 0.127 0.082
73 0.436 0.051 0.036 0.102
73 0.532 0.059 0.047 0.11
