2 0.9 0.597 0.201 0.321
80 0.539 0.559 0.026 0.091
5 0.711 0.417 0.269 0.54
5 0.402 0.45 0.188 0.381
0 0.282 0.58 0.09 0.295
0 0.249 0.582 0.092 0.299
0 0.492 0.528 0.047 0.237
0 0.146 0.543 0.035 0.103
0 0.57 0.374 0.019 0.06
0 0.094 0.564 0.066 0.284
0 0.54 0.508 0.048 0.131
0 0.633 0.299 0.043 0.074
2 0.568 0.528 0.023 0.111
2 0.515 0.459 0.035 0.035
24 0.264 0.585 0.024 0.077
0 0.928 0.501 0.049 0.055
0 0.894 0.46 0.048 0.117
0 0.21 0.541 0.021 0.103
0 0.971 0.464 0.032 0.119
0 0.794 0.284 0.055 0.106
80 0.141 0.568 0.026 0.06
0 0.472 0.448 0.941 0.354
