48 0.321 0.441 0.105 0.099
42 0.672 0.936 0.076 0.049
42 0.841 0.419 0.085 0.055
43 0.905 0.345 0.082 0.04
44 0.197 0.923 0.088 0.021
44 0.084 0.965 0.07 0.042
51 0.941 0.674 0.059 0.055
51 0.939 0.643 0.064 0.04
51 0.89 0.678 0.061 0.041
54 0.104 0.711 0.059 0.053
55 0.686 0.568 0.115 0.103
43 0.575 0.951 0.095 0.065
43 0.437 0.698 0.073 0.08
44 0.182 0.159 0.04 0.006
45 0.209 0.342 0.09 0.081
45 0.2 0.141 0.073 0.065
45 0.697 0.314 0.082 0.068
45 0.104 0.833 0.07 0.054
45 0.889 0.187 0.124 0.091
48 0.441 0.456 0.113 0.086
53 0.831 0.883 0.086 0.077
54 0.025 0.676 0.04 0.059
55 0.545 0.823 0.081 0.121
56 0.292 0.58 0.077 0.155
82 0.38 0.639 0.24 0.226
82 0.873 0.378 0.245 0.25
82 0.875 0.872 0.245 0.234
82 0.131 0.889 0.241 0.211
82 0.174 0.645 0.154 0.211
82 0.128 0.39 0.25 0.215
82 0.625 0.153 0.238 0.193
82 0.375 0.128 0.247 0.24
82 0.867 0.124 0.256 0.243
75 0.159 0.792 0.052 0.074
41 0.885 0.298 0.073 0.055
41 0.094 0.567 0.064 0.113
44 0.588 0.195 0.054 0.024
45 0.942 0.077 0.102 0.11
48 0.448 0.33 0.104 0.044
48 0.376 0.381 0.094 0.083
48 0.28 0.311 0.053 0.063
48 0.461 0.375 0.073 0.081
48 0.408 0.629 0.059 0.061
48 0.382 0.543 0.036 0.04
48 0.332 0.333 0.077 0.061
54 0.052 0.911 0.039 0.052
54 0.153 0.682 0.062 0.06
54 0.018 0.192 0.028 0.037
55 0.526 0.591 0.052 0.066
55 0.077 0.453 0.047 0.047
55 0.679 0.379 0.044 0.046
55 0.622 0.367 0.052 0.05
55 0.572 0.623 0.07 0.069
55 0.668 0.894 0.062 0.05
55 0.095 0.137 0.04 0.036
55 0.214 0.577 0.057 0.046
42 0.587 0.195 0.057 0.024
42 0.337 0.636 0.075 0.056
55 0.159 0.055 0.032 0.034
45 0.732 0.817 0.038 0.088
45 0.14 0.895 0.062 0.036
55 0.186 0.077 0.025 0.035
55 0.333 0.481 0.666 0.906
