0 0.4 0.663 0.184 0.647
0 0.801 0.68 0.148 0.613
0 0.728 0.521 0.06 0.268
0 0.939 0.564 0.121 0.849
0 0.169 0.65 0.103 0.465
0 0.243 0.621 0.074 0.375
0 0.086 0.67 0.076 0.397
67 0.622 0.543 0.015 0.022
67 0.483 0.559 0.028 0.026
45 0.611 0.649 0.046 0.036
26 0.344 0.695 0.09 0.509
0 0.04 0.687 0.076 0.479
0 0.303 0.596 0.053 0.286
0 0.754 0.474 0.018 0.032
0 0.765 0.481 0.033 0.069
41 0.451 0.567 0.02 0.06
73 0.583 0.534 0.041 0.051
0 0.588 0.5 0.147 0.264
26 0.278 0.603 0.022 0.069
41 0.63 0.62 0.036 0.033
82 0.655 0.835 0.343 0.33
0 0.635 0.468 0.046 0.103
44 0.531 0.625 0.011 0.023
41 0.537 0.652 0.026 0.031
44 0.65 0.601 0.013 0.023
