81 0.073 0.667 0.146 0.236
82 0.239 0.826 0.479 0.319
41 0.161 0.464 0.039 0.03
41 0.226 0.466 0.037 0.025
41 0.156 0.37 0.033 0.052
45 0.171 0.75 0.057 0.026
45 0.174 0.737 0.057 0.014
45 0.172 0.727 0.055 0.018
69 0.379 0.727 0.213 0.213
71 0.775 0.674 0.339 0.144
73 0.813 0.422 0.018 0.068
75 0.025 0.721 0.049 0.126
75 0.063 0.686 0.069 0.073
40 0.053 0.363 0.036 0.052
40 0.079 0.364 0.031 0.047
40 0.128 0.37 0.025 0.045
40 0.103 0.368 0.028 0.046
41 0.192 0.465 0.032 0.027
41 0.231 0.383 0.026 0.044
45 0.061 0.47 0.06 0.016
45 0.061 0.461 0.061 0.003
45 0.112 0.456 0.036 0.01
73 0.791 0.423 0.025 0.068
40 0.207 0.377 0.026 0.038
40 0.035 0.365 0.024 0.051
40 0.228 0.381 0.019 0.037
40 0.247 0.384 0.021 0.041
40 0.215 0.381 0.02 0.041
40 0.093 0.363 0.013 0.029
41 0.107 0.469 0.041 0.019
41 0.18 0.462 0.007 0.016
41 0.644 0.43 0.02 0.024
45 0.063 0.443 0.062 0.032
73 0.776 0.418 0.049 0.081
73 0.831 0.425 0.019 0.068
