72 0.501 0.517 0.301 0.498
41 0.25 0.625 0.036 0.064
41 0.211 0.661 0.052 0.059
45 0.227 0.771 0.115 0.101
45 0.386 0.694 0.12 0.077
26 0.702 0.582 0.085 0.346
0 0.178 0.489 0.14 0.372
0 0.321 0.457 0.136 0.452
0 0.902 0.635 0.175 0.705
24 0.939 0.567 0.121 0.225
41 0.224 0.711 0.024 0.04
41 0.276 0.7 0.026 0.069
43 0.053 0.702 0.107 0.027
73 0.747 0.585 0.094 0.11
0 0.977 0.431 0.046 0.189
0 0.773 0.645 0.188 0.71
0 0.924 0.361 0.098 0.245
41 0.3 0.665 0.025 0.065
41 0.279 0.653 0.019 0.036
69 0.028 0.588 0.057 0.167
0 0.072 0.47 0.144 0.41
82 0.17 0.793 0.339 0.413
41 0.27 0.707 0.023 0.049
