0 0.438 0.673 0.311 0.631
0 0.554 0.42 0.137 0.286
54 0.734 0.869 0.045 0.053
54 0.575 0.967 0.05 0.064
54 0.597 0.826 0.039 0.045
54 0.637 0.865 0.044 0.059
54 0.783 0.883 0.051 0.044
54 0.846 0.923 0.05 0.051
54 0.642 0.852 0.044 0.056
54 0.832 0.973 0.057 0.054
54 0.887 0.985 0.047 0.029
54 0.894 0.975 0.056 0.051
54 0.766 0.951 0.053 0.086
26 0.119 0.652 0.16 0.555
0 0.194 0.524 0.269 0.917
54 0.721 0.903 0.047 0.057
83 0.816 0.542 0.193 0.296
43 0.963 0.033 0.015 0.066
54 0.527 0.923 0.038 0.049
54 0.616 0.827 0.74 0.338
