17 0.347 0.81 0.128 0.133
17 0.22 0.917 0.157 0.144
17 0.625 0.695 0.119 0.137
80 0.549 0.922 0.108 0.101
80 0.601 0.795 0.087 0.085
80 0.195 0.686 0.073 0.079
80 0.414 0.621 0.067 0.068
13 0.819 0.594 0.066 0.055
13 0.52 0.614 0.064 0.053
13 0.318 0.621 0.061 0.051
13 0.238 0.624 0.062 0.052
0 0.24 0.906 0.041 0.114
0 0.525 0.873 0.044 0.122
0 0.163 0.585 0.036 0.092
0 0.36 0.782 0.033 0.096
0 0.078 0.597 0.017 0.084
0 0.591 0.764 0.034 0.119
0 0.632 0.666 0.03 0.103
0 0.099 0.587 0.02 0.104
0 0.358 0.597 0.015 0.078
17 0.606 0.598 0.09 0.116
0 0.192 0.665 0.022 0.102
0 0.038 0.594 0.018 0.1
0 0.544 0.863 0.04 0.094
0 0.177 0.653 0.022 0.075
0 0.343 0.76 0.683 0.475
