2 0.904 0.363 0.103 0.1
10 0.637 0.667 0.138 0.379
0 0.145 0.26 0.168 0.202
0 0.677 0.322 0.03 0.108
0 0.531 0.322 0.025 0.129
0 0.772 0.324 0.035 0.134
13 0.173 0.652 0.346 0.422
13 0.165 0.399 0.282 0.087
24 0.187 0.309 0.083 0.101
9 0.478 0.158 0.021 0.039
9 0.437 0.062 0.029 0.048
0 0.51 0.316 0.034 0.126
0 0.602 0.334 0.017 0.109
7 0.118 0.277 0.233 0.18
7 0.959 0.465 0.083 0.319
9 0.61 0.143 0.026 0.091
26 0.607 0.307 0.017 0.023
0 0.672 0.265 0.01 0.032
0 0.722 0.312 0.02 0.093
0 0.959 0.278 0.03 0.059
0 0.447 0.319 0.03 0.097
0 0.49 0.293 0.019 0.054
2 0.269 0.316 0.074 0.047
0 0.578 0.332 0.027 0.109
