39 0.754 0.33 0.03 0.127
56 0.776 0.771 0.429 0.437
56 0.25 0.783 0.352 0.409
82 0.5 0.602 0.398 0.373
0 0.744 0.507 0.425 0.672
0 0.32 0.618 0.455 0.742
40 0.578 0.471 0.03 0.092
40 0.329 0.491 0.034 0.117
45 0.426 0.503 0.129 0.1
49 0.445 0.434 0.028 0.019
49 0.423 0.43 0.028 0.026
53 0.58 0.559 0.049 0.022
53 0.527 0.556 0.058 0.029
39 0.704 0.348 0.03 0.089
45 0.447 0.44 0.097 0.047
42 0.45 0.536 0.077 0.035
49 0.461 0.441 0.009 0.008
40 0.5 0.514 0.036 0.068
44 0.643 0.213 0.02 0.122
44 0.673 0.21 0.023 0.114
56 0.538 0.462 0.069 0.073
