1 0.524 0.701 0.027 0.11
1 0.857 0.703 0.04 0.148
9 0.796 0.411 0.055 0.242
9 0.129 0.551 0.258 0.796
9 0.961 0.39 0.018 0.072
24 0.831 0.903 0.04 0.135
0 0.472 0.84 0.09 0.285
0 0.807 0.852 0.063 0.27
0 0.867 0.582 0.029 0.117
0 0.946 0.527 0.024 0.097
0 0.794 0.648 0.034 0.182
0 0.838 0.596 0.028 0.166
0 0.518 0.666 0.054 0.198
0 0.921 0.52 0.03 0.11
0 0.582 0.552 0.025 0.108
0 0.973 0.504 0.021 0.08
9 0.343 0.741 0.14 0.454
26 0.831 0.881 0.039 0.179
81 0.728 0.513 0.047 0.217
67 0.483 0.748 0.003 0.015
0 0.765 0.953 0.053 0.094
26 0.897 0.514 0.011 0.025
26 0.876 0.575 0.017 0.054
81 0.757 0.51 0.036 0.23
0 0.807 0.751 0.064 0.145
0 0.884 0.554 0.013 0.073
0 0.94 0.504 0.117 0.169
