56 0.356 0.722 0.018 0.073
56 0.455 0.723 0.04 0.083
56 0.314 0.723 0.02 0.083
56 0.278 0.728 0.058 0.106
0 0.506 0.489 0.415 0.973
0 0.921 0.498 0.157 0.982
0 0.092 0.719 0.042 0.146
0 0.398 0.693 0.049 0.071
56 0.496 0.726 0.026 0.089
56 0.149 0.731 0.044 0.09
56 0.401 0.721 0.041 0.081
56 0.506 0.716 0.025 0.07
81 0.097 0.389 0.071 0.095
28 0.637 0.705 0.265 0.418
56 0.058 0.725 0.049 0.092
56 0.333 0.724 0.018 0.084
82 0.275 0.699 0.037 0.012
82 0.073 0.702 0.04 0.011
82 0.38 0.695 0.035 0.014
82 0.159 0.699 0.019 0.008
82 0.01 0.713 0.02 0.034
56 0.346 0.724 0.01 0.064
