77 0.541 0.656 0.14 0.319
24 0.512 0.57 0.01 0.053
24 0.49 0.215 0.036 0.084
0 0.472 0.337 0.12 0.458
0 0.843 0.357 0.106 0.232
0 0.608 0.831 0.17 0.31
0 0.686 0.74 0.173 0.456
0 0.471 0.807 0.196 0.387
0 0.326 0.8 0.232 0.372
0 0.152 0.77 0.177 0.46
0 0.055 0.805 0.11 0.365
0 0.235 0.487 0.143 0.42
0 0.403 0.579 0.117 0.427
0 0.553 0.505 0.122 0.203
0 0.7 0.533 0.09 0.306
24 0.926 0.893 0.114 0.214
24 0.041 0.577 0.082 0.138
24 0.882 0.212 0.045 0.121
24 0.702 0.593 0.051 0.111
0 0.583 0.283 0.074 0.223
26 0.254 0.582 0.094 0.261
26 0.278 0.926 0.073 0.147
26 0.952 0.416 0.091 0.216
26 0.831 0.22 0.032 0.084
26 0.498 0.133 0.02 0.081
67 0.211 0.383 0.017 0.033
24 0.462 0.602 0.03 0.065
26 0.616 0.953 0.105 0.091
0 0.5 0.499 0.997 0.998
