39 0.686 0.59 0.037 0.114
74 0.295 0.26 0.032 0.061
82 0.64 0.786 0.72 0.383
0 0.287 0.526 0.148 0.323
0 0.455 0.504 0.1 0.178
0 0.185 0.562 0.37 0.876
41 0.573 0.681 0.06 0.092
41 0.863 0.62 0.093 0.128
44 0.608 0.714 0.082 0.029
44 0.879 0.931 0.089 0.138
45 0.7 0.681 0.075 0.07
45 0.581 0.62 0.104 0.038
45 0.478 0.665 0.057 0.047
45 0.399 0.622 0.039 0.035
45 0.628 0.671 0.055 0.067
0 0.648 0.51 0.135 0.229
41 0.866 0.528 0.041 0.051
41 0.749 0.659 0.039 0.087
41 0.307 0.687 0.036 0.062
45 0.661 0.621 0.022 0.04
56 0.214 0.59 0.02 0.077
0 0.474 0.901 0.187 0.171
41 0.699 0.68 0.075 0.072
41 0.525 0.606 0.033 0.035
41 0.782 0.63 0.069 0.047
41 0.412 0.609 0.038 0.047
44 0.884 0.717 0.045 0.024
0 0.901 0.464 0.198 0.414
41 0.492 0.584 0.041 0.07
