0 0.535 0.407 0.149 0.401
0 0.592 0.148 0.127 0.257
0 0.85 0.268 0.233 0.396
0 0.799 0.118 0.14 0.154
77 0.651 0.536 0.5 0.528
24 0.303 0.904 0.343 0.166
24 0.673 0.203 0.175 0.149
24 0.24 0.28 0.174 0.15
24 0.252 0.185 0.032 0.061
24 0.397 0.234 0.114 0.122
24 0.34 0.201 0.077 0.106
24 0.924 0.835 0.152 0.33
24 0.264 0.444 0.157 0.19
24 0.044 0.213 0.087 0.132
0 0.901 0.483 0.196 0.686
0 0.939 0.134 0.093 0.165
0 0.256 0.232 0.122 0.288
0 0.167 0.331 0.207 0.407
0 0.397 0.216 0.128 0.234
0 0.059 0.245 0.118 0.312
77 0.489 0.178 0.062 0.06
0 0.338 0.185 0.084 0.229
0 0.34 0.554 0.371 0.572
0 0.481 0.053 0.629 0.1
