17 0.477 0.597 0.501 0.422
82 0.766 0.487 0.468 0.235
82 0.159 0.401 0.144 0.033
82 0.69 0.374 0.112 0.019
82 0.323 0.367 0.064 0.018
82 0.346 0.39 0.097 0.014
0 0.267 0.345 0.062 0.068
0 0.31 0.332 0.036 0.049
0 0.36 0.338 0.052 0.071
0 0.426 0.331 0.03 0.075
0 0.75 0.335 0.047 0.065
0 0.672 0.341 0.05 0.081
0 0.451 0.332 0.039 0.055
0 0.469 0.34 0.037 0.08
25 0.793 0.295 0.124 0.148
25 0.985 0.266 0.029 0.04
56 0.161 0.507 0.138 0.209
56 0.88 0.51 0.124 0.204
56 0.771 0.497 0.115 0.193
0 0.716 0.324 0.048 0.074
81 0.61 0.163 0.166 0.191
81 0.635 0.321 0.044 0.097
81 0.636 0.321 0.044 0.093
81 0.27 0.319 0.052 0.069
0 0.034 0.411 0.067 0.206
56 0.616 0.381 0.075 0.019
56 0.548 0.38 0.038 0.022
56 0.437 0.392 0.065 0.045
56 0.262 0.487 0.06 0.159
56 0.384 0.397 0.049 0.055
56 0.861 0.384 0.069 0.033
56 0.915 0.383 0.069 0.033
56 0.663 0.376 0.061 0.025
56 0.78 0.381 0.06 0.019
56 0.83 0.376 0.051 0.022
82 0.449 0.362 0.023 0.021
82 0.961 0.382 0.04 0.012
82 0.808 0.374 0.131 0.013
56 0.505 0.462 0.986 0.212
