39 0.512 0.423 0.04 0.067
82 0.498 0.7 0.996 0.57
0 0.424 0.34 0.661 0.679
39 0.544 0.423 0.023 0.046
39 0.422 0.412 0.045 0.077
48 0.635 0.636 0.191 0.13
45 0.559 0.872 0.321 0.189
45 0.879 0.604 0.207 0.095
45 0.857 0.866 0.171 0.183
55 0.634 0.632 0.194 0.121
55 0.486 0.631 0.123 0.1
0 0.782 0.529 0.435 0.854
44 0.629 0.9 0.076 0.071
45 0.414 0.963 0.107 0.073
45 0.308 0.924 0.128 0.062
45 0.223 0.902 0.11 0.076
45 0.141 0.857 0.126 0.057
45 0.335 0.874 0.103 0.069
45 0.513 0.981 0.125 0.038
45 0.766 0.934 0.198 0.132
69 0.052 0.533 0.103 0.408
39 0.56 0.422 0.011 0.027
41 0.771 0.927 0.204 0.114
45 0.894 0.716 0.197 0.148
48 0.034 0.767 0.069 0.1
