39 0.479 0.669 0.03 0.159
39 0.098 0.659 0.049 0.152
39 0.234 0.553 0.022 0.083
39 0.506 0.717 0.021 0.086
39 0.139 0.452 0.025 0.089
39 0.846 0.682 0.049 0.061
56 0.896 0.873 0.204 0.231
56 0.429 0.918 0.24 0.14
82 0.309 0.775 0.618 0.181
0 0.578 0.508 0.098 0.374
0 0.475 0.536 0.183 0.341
0 0.87 0.742 0.256 0.481
0 0.279 0.538 0.127 0.369
0 0.681 0.72 0.304 0.554
72 0.81 0.534 0.217 0.404
41 0.401 0.719 0.031 0.061
41 0.341 0.704 0.042 0.064
39 0.373 0.533 0.015 0.066
40 0.691 0.286 0.017 0.058
40 0.666 0.286 0.022 0.059
41 0.534 0.744 0.043 0.114
45 0.222 0.454 0.042 0.033
45 0.32 0.754 0.049 0.043
68 0.147 0.549 0.132 0.112
69 0.136 0.627 0.228 0.183
71 0.369 0.571 0.051 0.02
0 0.876 0.736 0.134 0.12
40 0.649 0.286 0.016 0.058
40 0.629 0.286 0.017 0.054
41 0.644 0.36 0.015 0.045
41 0.628 0.36 0.019 0.045
41 0.662 0.364 0.023 0.055
41 0.63 0.213 0.019 0.049
39 0.357 0.537 0.017 0.052
40 0.691 0.361 0.023 0.046
