25 0.819 0.422 0.361 0.22
25 0.471 0.481 0.198 0.15
25 0.625 0.451 0.104 0.059
0 0.864 0.683 0.135 0.102
0 0.208 0.77 0.119 0.172
0 0.555 0.548 0.037 0.055
25 0.358 0.427 0.053 0.04
25 0.021 0.406 0.039 0.058
73 0.236 0.789 0.064 0.064
0 0.576 0.511 0.024 0.1
0 0.543 0.518 0.032 0.095
0 0.6 0.551 0.056 0.072
0 0.672 0.548 0.027 0.043
0 0.476 0.527 0.018 0.072
0 0.36 0.499 0.022 0.041
0 0.993 0.575 0.014 0.037
0 0.848 0.537 0.006 0.013
0 0.373 0.518 0.013 0.019
41 0.335 0.851 0.02 0.042
56 0.422 0.906 0.415 0.156
56 0.566 0.639 0.168 0.149
56 0.462 0.631 0.082 0.145
56 0.386 0.615 0.116 0.13
56 0.312 0.603 0.069 0.128
56 0.205 0.582 0.117 0.117
56 0.138 0.578 0.058 0.12
56 0.1 0.573 0.07 0.117
56 0.157 0.846 0.172 0.307
56 0.697 0.685 0.076 0.113
0 0.336 0.51 0.016 0.029
56 0.054 0.567 0.058 0.108
56 0.028 0.556 0.054 0.102
25 0.198 0.519 0.395 0.335
0 0.517 0.661 0.922 0.377
