33 0.26 0.236 0.032 0.028
33 0.083 0.316 0.044 0.037
33 0.144 0.418 0.049 0.046
33 0.5 0.374 0.039 0.036
33 0.211 0.066 0.057 0.065
33 0.414 0.346 0.02 0.021
33 0.452 0.204 0.036 0.033
33 0.345 0.377 0.031 0.029
33 0.5 0.297 0.027 0.028
33 0.599 0.394 0.021 0.022
26 0.522 0.666 0.211 0.123
0 0.789 0.694 0.412 0.584
0 0.51 0.725 0.224 0.528
0 0.406 0.755 0.123 0.476
0 0.292 0.705 0.117 0.327
0 0.166 0.565 0.034 0.096
0 0.117 0.568 0.032 0.074
0 0.028 0.628 0.055 0.162
0 0.341 0.595 0.07 0.088
0 0.258 0.537 0.027 0.029
0 0.65 0.59 0.087 0.075
24 0.81 0.717 0.309 0.319
33 0.729 0.287 0.034 0.021
33 0.581 0.417 0.02 0.016
0 0.211 0.576 0.033 0.073
0 0.06 0.561 0.032 0.084
26 0.332 0.695 0.044 0.078
