0 0.344 0.536 0.512 0.654
40 0.807 0.769 0.133 0.258
40 0.693 0.442 0.022 0.04
39 0.489 0.628 0.091 0.089
39 0.133 0.041 0.051 0.079
39 0.195 0.046 0.038 0.088
39 0.581 0.095 0.064 0.136
39 0.324 0.048 0.034 0.097
39 0.287 0.067 0.035 0.078
39 0.67 0.141 0.04 0.07
39 0.707 0.147 0.029 0.071
39 0.119 0.237 0.062 0.027
39 0.372 0.038 0.026 0.053
39 0.724 0.152 0.021 0.064
40 0.733 0.437 0.03 0.05
40 0.772 0.432 0.02 0.052
40 0.753 0.43 0.022 0.03
41 0.646 0.833 0.273 0.297
0 0.882 0.807 0.236 0.123
39 0.505 0.09 0.036 0.112
39 0.763 0.16 0.026 0.059
40 0.712 0.438 0.02 0.042
0 0.954 0.523 0.093 0.237
40 0.756 0.449 0.017 0.022
39 0.523 0.389 0.95 0.65
