38 0.407 0.559 0.047 0.11
0 0.716 0.395 0.054 0.077
0 0.397 0.499 0.137 0.357
0 0.644 0.303 0.047 0.081
0 0.21 0.37 0.045 0.089
0 0.511 0.498 0.103 0.356
0 0.809 0.392 0.042 0.058
0 0.602 0.261 0.051 0.084
0 0.082 0.372 0.041 0.078
0 0.736 0.14 0.045 0.075
38 0.538 0.523 0.048 0.123
56 0.767 0.936 0.154 0.127
0 0.599 0.062 0.031 0.064
0 0.674 0.196 0.037 0.066
0 0.257 0.375 0.047 0.092
0 0.717 0.179 0.047 0.048
56 0.924 0.935 0.15 0.099
56 0.594 0.41 0.043 0.02
56 0.527 0.247 0.034 0.034
56 0.492 0.251 0.037 0.034
56 0.269 0.288 0.04 0.042
56 0.154 0.255 0.038 0.041
56 0.228 0.286 0.039 0.038
56 0.117 0.249 0.031 0.032
56 0.602 0.159 0.031 0.035
0 0.499 0.365 0.998 0.729
