26 0.18 0.564 0.059 0.207
0 0.572 0.556 0.123 0.533
0 0.253 0.414 0.063 0.12
0 0.077 0.643 0.153 0.688
26 0.918 0.387 0.016 0.036
0 0.764 0.386 0.093 0.158
0 0.937 0.399 0.059 0.192
0 0.667 0.467 0.077 0.284
0 0.851 0.395 0.048 0.165
0 0.454 0.374 0.025 0.061
0 0.697 0.457 0.046 0.28
0 0.236 0.618 0.161 0.488
26 0.269 0.494 0.058 0.186
26 0.693 0.453 0.046 0.096
28 0.453 0.661 0.108 0.122
0 0.336 0.558 0.107 0.405
0 0.881 0.333 0.039 0.066
0 0.524 0.442 0.037 0.292
83 0.903 0.278 0.025 0.025
83 0.876 0.281 0.026 0.024
83 0.195 0.306 0.063 0.067
0 0.584 0.339 0.433 0.085
