2 0.831 0.582 0.259 0.073
2 0.359 0.566 0.14 0.05
2 0.258 0.566 0.098 0.039
13 0.822 0.789 0.35 0.193
24 0.173 0.706 0.066 0.062
24 0.033 0.586 0.066 0.089
26 0.578 0.717 0.121 0.054
26 0.341 0.676 0.089 0.03
0 0.344 0.615 0.061 0.063
0 0.667 0.739 0.239 0.235
0 0.083 0.634 0.084 0.257
0 0.342 0.695 0.188 0.174
0 0.359 0.644 0.133 0.088
0 0.254 0.683 0.202 0.173
0 0.818 0.759 0.301 0.113
0 0.568 0.732 0.168 0.227
0 0.594 0.562 0.035 0.063
0 0.671 0.562 0.033 0.058
0 0.74 0.549 0.04 0.039
13 0.375 0.73 0.097 0.067
26 0.676 0.725 0.061 0.025
1 0.181 0.599 0.131 0.074
2 0.125 0.549 0.027 0.022
