2 0.897 0.795 0.202 0.407
2 0.064 0.541 0.126 0.206
7 0.425 0.522 0.574 0.793
9 0.875 0.273 0.02 0.075
9 0.266 0.14 0.037 0.081
0 0.979 0.45 0.041 0.135
0 0.919 0.424 0.019 0.052
0 0.854 0.441 0.023 0.084
0 0.931 0.439 0.013 0.101
0 0.988 0.405 0.012 0.039
0 0.892 0.404 0.006 0.035
5 0.071 0.404 0.142 0.135
9 0.87 0.341 0.021 0.03
0 0.878 0.446 0.024 0.107
0 0.967 0.437 0.019 0.122
2 0.949 0.416 0.023 0.075
42 0.747 0.215 0.011 0.05
42 0.348 0.349 0.014 0.183
42 0.164 0.521 0.025 0.233
43 0.425 0.349 0.014 0.195
