17 0.686 0.574 0.309 0.454
13 0.899 0.597 0.151 0.135
0 0.343 0.558 0.074 0.256
0 0.52 0.468 0.057 0.125
0 0.145 0.522 0.05 0.151
0 0.193 0.512 0.02 0.135
0 0.208 0.507 0.036 0.155
0 0.072 0.527 0.024 0.14
0 0.252 0.475 0.017 0.05
25 0.646 0.367 0.2 0.144
25 0.957 0.382 0.065 0.031
27 0.353 0.521 0.009 0.067
0 0.115 0.53 0.022 0.125
0 0.03 0.552 0.035 0.093
0 0.428 0.472 0.029 0.054
0 0.841 0.421 0.03 0.068
0 0.149 0.523 0.032 0.124
6 0.364 0.516 0.356 0.419
25 0.978 0.362 0.024 0.028
0 0.02 0.509 0.019 0.134
0 0.502 0.522 0.963 0.289
