2 0.19 0.297 0.041 0.057
80 0.673 0.807 0.493 0.364
80 0.42 0.813 0.22 0.348
80 0.405 0.756 0.49 0.464
80 0.254 0.659 0.274 0.539
0 0.542 0.386 0.092 0.248
0 0.592 0.411 0.086 0.341
0 0.502 0.369 0.041 0.247
0 0.624 0.177 0.049 0.121
0 0.222 0.291 0.013 0.079
0 0.505 0.169 0.016 0.035
0 0.483 0.172 0.028 0.031
80 0.11 0.478 0.081 0.135
80 0.903 0.44 0.193 0.268
80 0.806 0.41 0.183 0.236
80 0.172 0.537 0.198 0.311
80 0.146 0.425 0.144 0.162
7 0.202 0.253 0.154 0.083
0 0.672 0.17 0.042 0.133
0 0.593 0.149 0.02 0.052
80 0.176 0.534 0.179 0.361
80 0.831 0.881 0.339 0.207
80 0.474 0.367 0.044 0.146
82 0.235 0.217 0.088 0.023
0 0.56 0.194 0.04 0.112
0 0.251 0.279 0.021 0.039
80 0.737 0.662 0.272 0.199
7 0.19 0.288 0.045 0.062
0 0.405 0.193 0.808 0.205
80 0.515 0.625 0.967 0.745
