39 0.823 0.239 0.131 0.382
39 0.598 0.142 0.083 0.284
40 0.39 0.247 0.1 0.116
40 0.51 0.227 0.099 0.101
41 0.752 0.238 0.093 0.154
41 0.897 0.86 0.206 0.253
53 0.526 0.52 0.752 0.506
53 0.938 0.727 0.124 0.225
53 0.224 0.072 0.145 0.071
53 0.093 0.127 0.179 0.074
40 0.97 0.432 0.061 0.351
56 0.394 0.097 0.131 0.193
56 0.939 0.171 0.121 0.341
56 0.549 0.169 0.321 0.196
56 0.727 0.084 0.077 0.165
56 0.759 0.105 0.021 0.103
0 0.173 0.283 0.346 0.567
39 0.664 0.159 0.114 0.313
39 0.52 0.103 0.099 0.207
82 0.497 0.742 0.991 0.486
40 0.749 0.24 0.092 0.161
