0 0.644 0.56 0.009 0.031
0 0.554 0.854 0.018 0.093
0 0.395 0.922 0.034 0.073
0 0.29 0.877 0.029 0.08
0 0.963 0.754 0.031 0.057
0 0.912 0.733 0.016 0.047
0 0.544 0.875 0.031 0.078
0 0.643 0.875 0.019 0.104
0 0.762 0.5 0.007 0.017
8 0.92 0.496 0.034 0.024
8 0.742 0.455 0.057 0.157
8 0.67 0.453 0.022 0.012
8 0.614 0.463 0.07 0.024
8 0.437 0.51 0.154 0.033
8 0.509 0.416 0.09 0.117
8 0.431 0.422 0.102 0.135
8 0.649 0.429 0.034 0.031
37 0.023 0.819 0.022 0.025
0 0.032 0.806 0.02 0.039
0 0.336 0.45 0.004 0.008
8 0.525 0.49 0.041 0.037
8 0.057 0.422 0.115 0.165
8 0.322 0.439 0.01 0.008
8 0.596 0.472 0.019 0.013
37 0.969 0.78 0.038 0.01
0 0.391 0.5 0.036 0.028
8 0.571 0.441 0.708 0.047
