27 0.275 0.577 0.093 0.561
27 0.791 0.614 0.143 0.358
27 0.65 0.48 0.015 0.055
27 0.487 0.485 0.011 0.074
67 0.209 0.748 0.054 0.026
56 0.087 0.717 0.174 0.515
56 0.974 0.751 0.051 0.392
0 0.762 0.551 0.476 0.89
0 0.265 0.5 0.529 1.0
0 0.486 0.441 0.12 0.158
0 0.654 0.445 0.116 0.166
40 0.682 0.52 0.033 0.086
41 0.55 0.57 0.044 0.045
0 0.616 0.448 0.055 0.106
0 0.412 0.438 0.031 0.055
0 0.459 0.421 0.029 0.046
27 0.382 0.453 0.011 0.027
41 0.457 0.51 0.023 0.022
44 0.502 0.589 0.031 0.025
67 0.601 0.806 0.044 0.07
0 0.39 0.427 0.04 0.078
40 0.735 0.519 0.018 0.083
40 0.493 0.499 0.022 0.059
40 0.752 0.512 0.021 0.071
40 0.419 0.496 0.023 0.063
40 0.532 0.514 0.034 0.086
40 0.619 0.487 0.022 0.032
42 0.475 0.586 0.036 0.025
0 0.554 0.456 0.022 0.035
0 0.103 0.213 0.102 0.048
0 0.582 0.458 0.026 0.034
0 0.715 0.478 0.04 0.117
0 0.564 0.452 0.035 0.069
41 0.648 0.544 0.036 0.043
82 0.568 0.666 0.381 0.331
