24 0.699 0.638 0.033 0.078
0 0.68 0.627 0.044 0.196
0 0.809 0.656 0.074 0.102
0 0.842 0.632 0.087 0.128
0 0.432 0.692 0.018 0.046
0 0.519 0.687 0.007 0.016
0 0.955 0.673 0.029 0.079
0 0.974 0.662 0.023 0.03
0 0.567 0.666 0.022 0.061
0 0.628 0.649 0.014 0.045
0 0.055 0.736 0.013 0.035
0 0.225 0.605 0.012 0.036
0 0.635 0.67 0.012 0.042
8 0.204 0.695 0.038 0.06
25 0.907 0.617 0.116 0.139
26 0.701 0.629 0.011 0.047
8 0.962 0.689 0.075 0.043
37 0.493 0.714 0.21 0.046
26 0.705 0.665 0.021 0.027
33 0.313 0.637 0.011 0.029
33 0.484 0.716 0.23 0.054
25 0.768 0.649 0.033 0.019
0 0.345 0.71 0.166 0.066
