84 0.547 0.57 0.089 0.081
59 0.253 0.835 0.437 0.301
73 0.866 0.612 0.01 0.043
73 0.86 0.682 0.014 0.056
73 0.821 0.534 0.008 0.048
73 0.879 0.615 0.01 0.044
73 0.938 0.702 0.016 0.046
73 0.924 0.617 0.018 0.056
73 0.82 0.6 0.008 0.052
73 0.908 0.7 0.009 0.038
73 0.969 0.707 0.017 0.052
73 0.944 0.617 0.018 0.053
73 0.848 0.537 0.013 0.051
73 0.87 0.537 0.02 0.055
73 0.985 0.543 0.027 0.054
73 0.898 0.698 0.013 0.042
24 0.491 0.652 0.04 0.071
28 0.548 0.653 0.057 0.074
73 0.844 0.605 0.042 0.058
74 0.928 0.534 0.05 0.049
73 0.803 0.577 0.391 0.327
