25 0.289 0.297 0.298 0.278
25 0.548 0.214 0.274 0.169
0 0.317 0.52 0.299 0.6
0 0.372 0.363 0.149 0.276
0 0.621 0.488 0.369 0.61
0 0.062 0.248 0.125 0.496
0 0.635 0.057 0.057 0.114
0 0.638 0.417 0.21 0.479
0 0.886 0.25 0.214 0.499
0 0.193 0.171 0.172 0.342
13 0.85 0.47 0.3 0.108
13 0.768 0.378 0.144 0.06
13 0.82 0.317 0.36 0.09
13 0.737 0.319 0.177 0.042
13 0.712 0.232 0.137 0.058
13 0.71 0.186 0.171 0.052
13 0.86 0.59 0.274 0.137
13 0.099 0.6 0.191 0.162
13 0.37 0.163 0.178 0.052
13 0.667 0.125 0.304 0.037
27 0.27 0.372 0.027 0.065
0 0.324 0.072 0.129 0.145
0 0.105 0.065 0.057 0.13
13 0.748 0.086 0.5 0.047
13 0.969 0.182 0.063 0.024
