67 0.246 0.462 0.02 0.027
0 0.492 0.448 0.282 0.309
0 0.207 0.129 0.23 0.237
0 0.212 0.657 0.336 0.39
0 0.748 0.428 0.21 0.387
0 0.192 0.483 0.265 0.409
63 0.816 0.378 0.106 0.143
56 0.462 0.834 0.155 0.259
56 0.444 0.655 0.15 0.243
56 0.764 0.817 0.148 0.33
56 0.744 0.652 0.15 0.313
56 0.669 0.177 0.122 0.175
56 0.175 0.251 0.152 0.201
56 0.665 0.501 0.061 0.306
56 0.655 0.27 0.047 0.11
56 0.641 0.127 0.122 0.244
56 0.634 0.024 0.09 0.049
67 0.566 0.162 0.027 0.022
67 0.567 0.248 0.026 0.028
67 0.531 0.409 0.026 0.026
67 0.204 0.618 0.027 0.033
73 0.023 0.217 0.046 0.089
73 0.787 0.771 0.082 0.093
73 0.759 0.605 0.084 0.079
0 0.174 0.924 0.288 0.152
0 0.053 0.104 0.107 0.208
0 0.875 0.85 0.226 0.301
0 0.478 0.213 0.155 0.177
56 0.145 0.841 0.184 0.189
73 0.475 0.84 0.09 0.096
73 0.43 0.021 0.063 0.042
73 0.681 0.194 0.074 0.065
0 0.234 0.105 0.192 0.209
24 0.862 0.432 0.047 0.133
56 0.651 0.328 0.015 0.048
0 0.466 0.136 0.185 0.252
56 0.759 0.921 0.063 0.157
56 0.369 0.5 0.406 0.995
