81 0.264 0.916 0.163 0.168
81 0.519 0.916 0.098 0.119
0 0.413 0.84 0.062 0.223
0 0.473 0.824 0.037 0.131
0 0.609 0.817 0.032 0.111
0 0.766 0.803 0.032 0.083
0 0.881 0.837 0.037 0.17
0 0.957 0.838 0.057 0.148
0 0.918 0.821 0.022 0.125
0 0.843 0.828 0.025 0.146
81 0.059 0.899 0.116 0.112
81 0.732 0.876 0.072 0.041
9 0.994 0.672 0.011 0.055
0 0.509 0.813 0.042 0.107
0 0.871 0.779 0.015 0.04
0 0.677 0.816 0.016 0.106
2 0.687 0.805 0.145 0.09
0 0.647 0.817 0.011 0.113
0 0.865 0.814 0.008 0.084
0 0.564 0.648 0.869 0.608
