11 0.847 0.857 0.018 0.03
2 0.311 0.854 0.036 0.037
2 0.452 0.834 0.035 0.031
2 0.404 0.841 0.037 0.029
2 0.349 0.852 0.047 0.034
2 0.371 0.837 0.027 0.023
2 0.268 0.868 0.051 0.043
2 0.132 0.836 0.04 0.029
2 0.492 0.809 0.012 0.014
9 0.319 0.713 0.013 0.058
9 0.413 0.708 0.006 0.024
9 0.528 0.44 0.031 0.087
9 0.123 0.482 0.177 0.466
2 0.449 0.82 0.02 0.015
2 0.272 0.822 0.014 0.016
2 0.255 0.823 0.015 0.021
2 0.609 0.846 0.063 0.035
9 0.488 0.778 0.014 0.047
9 0.399 0.716 0.009 0.038
9 0.539 0.528 0.016 0.094
