38 0.465 0.721 0.1 0.14
0 0.49 0.611 0.205 0.47
0 0.711 0.224 0.059 0.061
0 0.105 0.227 0.058 0.034
0 0.04 0.297 0.077 0.071
0 0.174 0.411 0.08 0.044
0 0.385 0.344 0.04 0.033
0 0.779 0.4 0.079 0.062
0 0.858 0.396 0.067 0.06
0 0.917 0.948 0.165 0.103
0 0.723 0.352 0.076 0.046
56 0.317 0.537 0.114 0.097
0 0.395 0.113 0.049 0.055
13 0.735 0.403 0.085 0.056
13 0.863 0.367 0.228 0.015
13 0.341 0.36 0.098 0.018
13 0.313 0.407 0.043 0.025
13 0.336 0.383 0.084 0.016
13 0.845 0.417 0.311 0.121
13 0.355 0.18 0.195 0.016
13 0.107 0.375 0.191 0.026
13 0.787 0.455 0.197 0.047
13 0.601 0.436 0.117 0.012
0 0.605 0.399 0.078 0.069
0 0.255 0.498 0.108 0.108
0 0.498 0.499 0.997 0.998
13 0.35 0.411 0.676 0.106
