83 0.653 0.367 0.214 0.26
0 0.528 0.754 0.216 0.473
0 0.832 0.794 0.202 0.412
0 0.159 0.723 0.264 0.555
0 0.178 0.657 0.174 0.579
0 0.055 0.592 0.054 0.164
65 0.254 0.522 0.015 0.045
65 0.367 0.553 0.034 0.018
56 0.029 0.638 0.059 0.206
65 0.053 0.677 0.017 0.029
73 0.376 0.396 0.023 0.069
0 0.6 0.386 0.017 0.034
84 0.943 0.839 0.114 0.319
65 0.799 0.584 0.023 0.029
65 0.818 0.643 0.027 0.027
65 0.339 0.548 0.023 0.028
73 0.372 0.476 0.039 0.03
73 0.383 0.532 0.037 0.023
73 0.345 0.463 0.043 0.047
73 0.379 0.293 0.009 0.03
73 0.375 0.229 0.01 0.051
73 0.35 0.233 0.006 0.048
73 0.337 0.235 0.013 0.046
73 0.392 0.228 0.009 0.057
73 0.397 0.228 0.005 0.053
73 0.383 0.229 0.012 0.049
73 0.353 0.231 0.008 0.046
41 0.279 0.512 0.016 0.039
73 0.241 0.241 0.012 0.026
73 0.318 0.333 0.223 0.287
