0 0.297 0.604 0.129 0.366
0 0.554 0.466 0.133 0.24
0 0.919 0.666 0.133 0.299
28 0.687 0.79 0.209 0.238
28 0.893 0.913 0.215 0.174
28 0.497 0.453 0.069 0.144
28 0.353 0.364 0.092 0.102
28 0.387 0.465 0.054 0.037
28 0.361 0.512 0.08 0.086
28 0.441 0.394 0.079 0.061
28 0.214 0.424 0.023 0.042
28 0.441 0.5 0.062 0.047
0 0.154 0.812 0.207 0.377
7 0.669 0.764 0.662 0.473
28 0.238 0.419 0.052 0.101
28 0.446 0.442 0.07 0.089
28 0.37 0.435 0.073 0.049
28 0.294 0.414 0.082 0.091
7 0.364 0.435 0.506 0.548
7 0.779 0.299 0.35 0.425
