0 0.861 0.465 0.008 0.019
31 0.487 0.659 0.023 0.012
31 0.81 0.553 0.032 0.008
24 0.478 0.619 0.006 0.018
0 0.759 0.505 0.009 0.022
0 0.816 0.484 0.005 0.013
30 0.307 0.582 0.015 0.006
0 0.508 0.507 0.011 0.037
0 0.491 0.624 0.034 0.072
0 0.304 0.556 0.014 0.051
0 0.706 0.493 0.013 0.023
0 0.812 0.524 0.006 0.033
0 0.994 0.609 0.012 0.04
0 0.798 0.506 0.007 0.018
0 0.806 0.51 0.007 0.021
30 0.762 0.536 0.024 0.003
30 0.699 0.503 0.017 0.003
31 0.764 0.55 0.009 0.004
31 0.797 0.528 0.012 0.003
31 0.563 0.514 0.013 0.002
30 0.81 0.552 0.025 0.005
0 0.733 0.499 0.002 0.006
0 0.798 0.514 0.011 0.031
0 0.692 0.518 0.281 0.081
