45 0.501 0.502 0.966 0.955
50 0.373 0.846 0.23 0.172
50 0.768 0.366 0.38 0.521
50 0.474 0.655 0.189 0.186
50 0.56 0.83 0.15 0.197
50 0.27 0.293 0.421 0.438
50 0.556 0.293 0.106 0.162
50 0.403 0.482 0.173 0.16
50 0.672 0.816 0.088 0.121
50 0.201 0.697 0.187 0.106
50 0.2 0.498 0.104 0.047
50 0.512 0.495 0.15 0.181
51 0.1 0.679 0.04 0.076
51 0.932 0.438 0.07 0.075
51 0.669 0.132 0.062 0.026
51 0.722 0.401 0.057 0.032
51 0.54 0.188 0.023 0.026
51 0.535 0.101 0.126 0.097
51 0.244 0.358 0.034 0.024
51 0.642 0.626 0.026 0.026
51 0.519 0.518 0.038 0.035
