1 0.788 0.861 0.137 0.131
1 0.772 0.779 0.122 0.13
2 0.486 0.597 0.107 0.078
2 0.402 0.57 0.043 0.038
1 0.734 0.687 0.036 0.095
7 0.216 0.547 0.062 0.123
26 0.176 0.663 0.025 0.094
26 0.66 0.646 0.024 0.05
26 0.889 0.892 0.071 0.147
0 0.699 0.652 0.027 0.133
0 0.667 0.662 0.042 0.14
0 0.59 0.643 0.042 0.143
0 0.563 0.613 0.028 0.128
0 0.536 0.576 0.021 0.058
0 0.52 0.57 0.018 0.044
5 0.214 0.55 0.061 0.119
24 0.661 0.647 0.024 0.058
0 0.089 0.876 0.149 0.248
0 0.905 0.673 0.043 0.163
0 0.09 0.707 0.082 0.385
0 0.169 0.739 0.086 0.345
0 0.064 0.562 0.022 0.056
0 0.027 0.651 0.048 0.261
2 0.726 0.59 0.032 0.038
2 0.694 0.596 0.055 0.05
2 0.45 0.561 0.023 0.023
25 0.918 0.707 0.012 0.044
0 0.377 0.57 0.019 0.078
2 0.176 0.545 0.025 0.035
26 0.117 0.749 0.016 0.058
11 0.488 0.527 0.016 0.026
0 0.469 0.733 0.928 0.529
