25 0.401 0.359 0.072 0.133
25 0.35 0.317 0.054 0.037
82 0.774 0.464 0.082 0.024
82 0.666 0.451 0.085 0.018
82 0.485 0.435 0.03 0.012
82 0.407 0.425 0.053 0.011
82 0.919 0.518 0.099 0.11
82 0.264 0.414 0.028 0.01
82 0.447 0.432 0.047 0.011
82 0.358 0.42 0.045 0.014
25 0.302 0.358 0.07 0.11
25 0.261 0.36 0.045 0.105
25 0.439 0.358 0.061 0.147
25 0.497 0.35 0.07 0.163
25 0.579 0.29 0.105 0.054
25 0.772 0.272 0.129 0.067
25 0.91 0.342 0.153 0.242
25 0.673 0.276 0.125 0.083
25 0.671 0.313 0.083 0.017
25 0.203 0.364 0.033 0.094
56 0.879 0.526 0.06 0.089
56 0.738 0.459 0.029 0.034
56 0.665 0.484 0.018 0.056
56 0.938 0.507 0.022 0.073
56 0.563 0.485 0.025 0.07
56 0.685 0.485 0.025 0.111
56 0.971 0.515 0.021 0.129
56 0.797 0.501 0.027 0.108
56 0.623 0.483 0.028 0.101
56 0.597 0.487 0.029 0.078
56 0.536 0.466 0.027 0.099
56 0.859 0.47 0.022 0.044
82 0.583 0.44 0.071 0.007
13 0.519 0.454 0.046 0.012
13 0.801 0.514 0.036 0.027
13 0.817 0.475 0.083 0.019
25 0.572 0.32 0.078 0.026
56 0.699 0.471 0.015 0.08
25 0.23 0.325 0.042 0.043
82 0.53 0.429 0.667 0.128
56 0.409 0.454 0.242 0.1
