39 0.389 0.888 0.026 0.122
74 0.642 0.574 0.015 0.021
84 0.374 0.861 0.665 0.277
0 0.243 0.603 0.416 0.77
0 0.75 0.515 0.499 0.939
0 0.746 0.658 0.174 0.653
65 0.749 0.51 0.025 0.036
65 0.349 0.514 0.032 0.113
65 0.552 0.81 0.058 0.208
73 0.659 0.46 0.051 0.063
73 0.591 0.537 0.066 0.13
0 0.467 0.845 0.2 0.31
65 0.192 0.562 0.052 0.045
73 0.634 0.704 0.017 0.049
73 0.598 0.441 0.022 0.058
73 0.652 0.52 0.05 0.056
73 0.598 0.382 0.011 0.043
73 0.63 0.391 0.018 0.052
73 0.623 0.639 0.018 0.05
73 0.571 0.626 0.017 0.052
73 0.616 0.701 0.02 0.05
74 0.833 0.548 0.032 0.034
73 0.688 0.406 0.016 0.045
73 0.671 0.403 0.013 0.043
73 0.659 0.398 0.014 0.047
73 0.638 0.565 0.216 0.427
