39 0.434 0.729 0.096 0.2
39 0.532 0.73 0.1 0.206
39 0.627 0.735 0.111 0.21
2 0.56 0.278 0.319 0.131
2 0.861 0.237 0.104 0.06
9 0.757 0.153 0.007 0.012
52 0.802 0.594 0.041 0.048
52 0.695 0.654 0.07 0.095
2 0.748 0.237 0.115 0.049
2 0.929 0.237 0.028 0.02
9 0.787 0.175 0.016 0.018
9 0.978 0.144 0.009 0.009
48 0.756 0.658 0.069 0.088
52 0.7 0.587 0.032 0.055
52 0.766 0.592 0.036 0.041
52 0.65 0.586 0.067 0.01
52 0.684 0.55 0.029 0.041
52 0.611 0.594 0.153 0.015
52 0.778 0.553 0.038 0.048
52 0.627 0.577 0.115 0.015
52 0.54 0.554 0.026 0.038
2 0.338 0.262 0.189 0.103
52 0.808 0.554 0.04 0.047
2 0.979 0.223 0.024 0.035
2 0.994 0.215 0.013 0.011
52 0.733 0.597 0.03 0.035
0 0.234 0.501 0.462 0.969
52 0.715 0.552 0.03 0.041
52 0.655 0.617 0.24 0.172
