36 0.677 0.694 0.191 0.136
0 0.529 0.442 0.407 0.638
0 0.877 0.581 0.09 0.385
0 0.362 0.654 0.07 0.15
0 0.376 0.877 0.073 0.143
0 0.394 0.69 0.026 0.089
0 0.274 0.83 0.026 0.092
0 0.218 0.809 0.076 0.159
0 0.064 0.856 0.099 0.145
0 0.944 0.629 0.094 0.226
36 0.233 0.87 0.049 0.042
36 0.098 0.912 0.043 0.04
36 0.36 0.718 0.042 0.029
36 0.369 0.936 0.042 0.044
0 0.406 0.906 0.019 0.083
1 0.821 0.733 0.053 0.084
1 0.878 0.735 0.24 0.108
1 0.153 0.879 0.046 0.049
1 0.394 0.717 0.043 0.037
0 0.15 0.848 0.028 0.083
0 0.168 0.855 0.012 0.035
36 0.081 0.415 0.01 0.016
