80 0.631 0.559 0.107 0.108
80 0.461 0.552 0.158 0.123
5 0.876 0.454 0.249 0.23
2 0.827 0.755 0.346 0.468
2 0.236 0.466 0.045 0.026
2 0.211 0.748 0.419 0.475
0 0.703 0.495 0.013 0.081
0 0.745 0.517 0.031 0.119
0 0.718 0.497 0.016 0.081
0 0.673 0.483 0.02 0.086
0 0.609 0.478 0.038 0.082
0 0.08 0.481 0.02 0.086
0 0.203 0.462 0.006 0.029
0 0.693 0.493 0.014 0.078
0 0.735 0.47 0.008 0.026
0 0.501 0.478 0.027 0.067
2 0.292 0.467 0.03 0.019
80 0.57 0.539 0.07 0.122
80 0.476 0.57 0.136 0.119
0 0.618 0.5 0.01 0.025
0 0.652 0.482 0.037 0.083
0 0.727 0.478 0.01 0.024
