0 0.523 0.729 0.094 0.205
0 0.564 0.379 0.03 0.125
0 0.861 0.492 0.066 0.147
0 0.736 0.278 0.035 0.073
0 0.609 0.393 0.027 0.102
0 0.217 0.698 0.087 0.193
0 0.709 0.2 0.021 0.032
0 0.044 0.398 0.028 0.091
0 0.621 0.457 0.044 0.157
32 0.46 0.535 0.007 0.011
56 0.52 0.412 0.026 0.053
56 0.074 0.569 0.044 0.077
56 0.092 0.533 0.021 0.031
56 0.124 0.448 0.019 0.059
0 0.671 0.194 0.021 0.044
0 0.139 0.432 0.037 0.092
0 0.502 0.188 0.031 0.052
0 0.783 0.155 0.02 0.033
56 0.112 0.424 0.012 0.01
56 0.212 0.183 0.019 0.015
38 0.487 0.698 0.026 0.037
38 0.886 0.452 0.01 0.014
38 0.625 0.438 0.017 0.021
0 0.5 0.306 0.997 0.611
