56 0.625 0.425 0.103 0.192
56 0.389 0.29 0.096 0.17
38 0.395 0.682 0.035 0.146
0 0.409 0.583 0.195 0.569
0 0.622 0.169 0.056 0.126
0 0.201 0.164 0.073 0.131
0 0.247 0.117 0.061 0.202
0 0.812 0.161 0.086 0.143
0 0.493 0.163 0.057 0.135
0 0.683 0.168 0.062 0.124
0 0.536 0.113 0.056 0.155
0 0.541 0.184 0.048 0.094
0 0.146 0.166 0.06 0.135
0 0.899 0.466 0.099 0.202
0 0.749 0.165 0.063 0.134
56 0.707 0.396 0.103 0.253
56 0.31 0.138 0.037 0.16
56 0.401 0.184 0.068 0.061
0 0.433 0.173 0.063 0.129
39 0.693 0.5 0.012 0.046
0 0.5 0.162 0.997 0.323
