33 0.339 0.517 0.125 0.043
33 0.564 0.157 0.091 0.044
33 0.55 0.502 0.221 0.101
33 0.483 0.614 0.269 0.12
33 0.395 0.273 0.036 0.025
33 0.688 0.077 0.029 0.031
33 0.198 0.385 0.032 0.027
33 0.371 0.053 0.015 0.02
33 0.527 0.439 0.363 0.129
33 0.736 0.543 0.029 0.035
33 0.805 0.428 0.026 0.043
0 0.852 0.877 0.073 0.247
0 0.801 0.895 0.048 0.202
0 0.749 0.885 0.084 0.23
0 0.674 0.859 0.083 0.281
0 0.503 0.865 0.089 0.123
0 0.445 0.84 0.074 0.257
0 0.369 0.832 0.066 0.298
0 0.063 0.821 0.039 0.137
0 0.072 0.785 0.041 0.157
0 0.288 0.833 0.093 0.084
0 0.166 0.823 0.042 0.094
2 0.91 0.731 0.035 0.026
2 0.949 0.729 0.023 0.025
2 0.969 0.726 0.011 0.017
33 0.617 0.391 0.222 0.115
33 0.474 0.207 0.072 0.03
2 0.756 0.732 0.026 0.018
2 0.887 0.73 0.029 0.022
2 0.771 0.731 0.019 0.019
2 0.746 0.733 0.017 0.014
0 0.111 0.795 0.038 0.069
2 0.611 0.734 0.015 0.018
2 0.645 0.731 0.028 0.017
0 0.245 0.8 0.051 0.1
33 0.528 0.274 0.888 0.548
0 0.499 0.666 0.986 0.552
