2 0.567 0.385 0.018 0.012
2 0.566 0.379 0.017 0.011
2 0.52 0.391 0.03 0.044
5 0.144 0.261 0.287 0.521
1 0.356 0.781 0.129 0.346
1 0.443 0.597 0.053 0.197
9 0.453 0.035 0.048 0.07
9 0.704 0.204 0.027 0.074
0 0.781 0.409 0.046 0.122
0 0.352 0.627 0.159 0.6
0 0.437 0.495 0.1 0.329
0 0.512 0.431 0.028 0.118
0 0.488 0.485 0.054 0.263
1 0.5 0.534 0.01 0.049
2 0.549 0.386 0.015 0.012
9 0.644 0.273 0.011 0.03
0 0.161 0.616 0.319 0.764
0 0.796 0.377 0.015 0.043
0 0.808 0.378 0.015 0.054
0 0.734 0.374 0.01 0.035
0 0.688 0.391 0.008 0.033
0 0.804 0.372 0.006 0.027
1 0.11 0.928 0.077 0.143
9 0.36 0.295 0.015 0.032
9 0.733 0.319 0.01 0.015
9 0.574 0.346 0.008 0.015
