2 0.887 0.427 0.095 0.099
2 0.151 0.394 0.114 0.048
9 0.486 0.261 0.084 0.086
0 0.411 0.661 0.497 0.659
0 0.142 0.654 0.284 0.545
0 0.672 0.398 0.049 0.084
0 0.624 0.397 0.026 0.076
0 0.55 0.4 0.03 0.067
0 0.52 0.396 0.024 0.074
0 0.81 0.579 0.369 0.807
26 0.34 0.758 0.292 0.485
0 0.65 0.411 0.009 0.034
0 0.597 0.393 0.031 0.078
2 0.766 0.403 0.128 0.068
9 0.451 0.321 0.029 0.051
9 0.424 0.312 0.02 0.036
9 0.751 0.335 0.018 0.027
0 0.574 0.396 0.021 0.071
0 0.466 0.391 0.035 0.084
0 0.114 0.451 0.229 0.218
2 0.297 0.376 0.031 0.034
26 0.564 0.392 0.022 0.025
26 0.686 0.388 0.018 0.037
2 0.856 0.401 0.063 0.05
