19 0.46 0.515 0.243 0.254
56 0.591 0.494 0.056 0.108
56 0.805 0.501 0.043 0.132
56 0.894 0.485 0.058 0.103
56 0.946 0.584 0.107 0.138
56 0.722 0.539 0.07 0.123
56 0.745 0.415 0.023 0.032
56 0.847 0.598 0.101 0.143
82 0.541 0.467 0.175 0.116
0 0.048 0.663 0.096 0.526
0 0.373 0.272 0.024 0.071
0 0.824 0.537 0.094 0.213
0 0.154 0.59 0.133 0.497
26 0.24 0.303 0.016 0.044
41 0.571 0.336 0.008 0.016
41 0.609 0.338 0.01 0.02
0 0.297 0.327 0.034 0.118
0 0.2 0.314 0.036 0.117
0 0.744 0.51 0.081 0.183
0 0.924 0.523 0.138 0.19
0 0.316 0.301 0.025 0.112
0 0.659 0.433 0.07 0.216
0 0.42 0.282 0.035 0.051
80 0.019 0.353 0.038 0.068
41 0.645 0.342 0.009 0.021
0 0.284 0.414 0.061 0.083
26 0.216 0.307 0.013 0.041
0 0.322 0.312 0.206 0.129
