50 0.506 0.769 0.272 0.32
50 0.478 0.3 0.164 0.209
50 0.224 0.434 0.184 0.228
50 0.342 0.579 0.104 0.134
50 0.455 0.517 0.09 0.116
50 0.681 0.518 0.236 0.524
45 0.503 0.494 0.943 0.987
50 0.634 0.241 0.082 0.071
51 0.579 0.672 0.196 0.156
51 0.234 0.618 0.182 0.153
51 0.54 0.505 0.197 0.235
51 0.4 0.392 0.107 0.213
51 0.376 0.612 0.122 0.169
51 0.351 0.728 0.357 0.4
51 0.78 0.608 0.108 0.191
51 0.526 0.18 0.271 0.197
51 0.708 0.37 0.233 0.4
82 0.498 0.5 0.997 1.0
51 0.288 0.261 0.07 0.174
51 0.313 0.124 0.145 0.116
51 0.338 0.318 0.066 0.268
51 0.364 0.209 0.06 0.183
51 0.266 0.406 0.3 0.462
