39 0.631 0.807 0.114 0.37
41 0.435 0.96 0.071 0.079
41 0.513 0.838 0.134 0.302
43 0.761 0.888 0.293 0.197
73 0.908 0.136 0.064 0.053
0 0.56 0.368 0.162 0.602
0 0.46 0.441 0.154 0.392
0 0.731 0.507 0.305 0.7
0 0.925 0.498 0.149 0.883
0 0.292 0.363 0.093 0.401
0 0.069 0.374 0.137 0.322
0 0.08 0.27 0.135 0.257
45 0.388 0.806 0.178 0.23
48 0.927 0.943 0.141 0.112
0 0.267 0.373 0.069 0.391
0 0.012 0.482 0.024 0.372
48 0.796 0.955 0.104 0.09
48 0.708 0.97 0.129 0.061
74 0.79 0.03 0.036 0.061
0 0.208 0.555 0.303 0.849
