1 0.949 0.654 0.1 0.156
2 0.354 0.602 0.088 0.116
80 0.642 0.69 0.118 0.269
80 0.426 0.691 0.073 0.196
80 0.249 0.686 0.09 0.242
9 0.13 0.279 0.045 0.152
9 0.84 0.242 0.03 0.126
24 0.755 0.578 0.031 0.072
24 0.618 0.63 0.04 0.108
0 0.051 0.686 0.102 0.357
0 0.417 0.624 0.1 0.294
0 0.241 0.634 0.103 0.302
0 0.592 0.621 0.063 0.258
0 0.976 0.609 0.047 0.237
0 0.515 0.546 0.02 0.04
0 0.656 0.617 0.095 0.262
1 0.748 0.681 0.049 0.148
10 0.876 0.668 0.031 0.074
26 0.021 0.745 0.043 0.1
0 0.743 0.597 0.077 0.204
0 0.569 0.579 0.023 0.107
0 0.367 0.534 0.011 0.024
80 0.575 0.595 0.026 0.104
80 0.514 0.584 0.02 0.052
26 0.269 0.627 0.024 0.028
