81 0.046 0.621 0.085 0.348
39 0.644 0.653 0.043 0.183
39 0.695 0.628 0.021 0.121
39 0.675 0.648 0.029 0.16
39 0.214 0.548 0.018 0.075
39 0.205 0.586 0.02 0.09
56 0.628 0.949 0.236 0.08
0 0.38 0.527 0.188 0.422
39 0.149 0.589 0.016 0.065
68 0.53 0.446 0.131 0.148
40 0.125 0.719 0.037 0.129
41 0.184 0.716 0.09 0.181
44 0.236 0.714 0.039 0.107
46 0.594 0.568 0.052 0.049
46 0.568 0.57 0.043 0.041
69 0.534 0.536 0.134 0.336
71 0.226 0.673 0.07 0.071
39 0.607 0.636 0.027 0.086
39 0.606 0.697 0.013 0.049
41 0.246 0.741 0.034 0.067
65 0.172 0.814 0.064 0.032
71 0.239 0.698 0.024 0.025
