38 0.255 0.944 0.117 0.112
0 0.082 0.511 0.161 0.938
0 0.439 0.612 0.375 0.777
39 0.402 0.953 0.033 0.093
39 0.373 0.95 0.029 0.1
0 0.386 0.074 0.118 0.148
0 0.552 0.097 0.079 0.14
0 0.858 0.089 0.163 0.178
0 0.696 0.091 0.203 0.178
0 0.252 0.47 0.159 0.939
0 0.494 0.078 0.111 0.156
0 0.942 0.093 0.117 0.187
0 0.411 0.052 0.05 0.103
38 0.301 0.784 0.144 0.216
56 0.442 0.698 0.243 0.497
56 0.768 0.824 0.24 0.35
56 0.773 0.112 0.065 0.127
56 0.162 0.048 0.058 0.092
56 0.063 0.059 0.125 0.112
56 0.455 0.091 0.049 0.12
56 0.597 0.064 0.039 0.044
