6 0.449 0.496 0.896 0.481
0 0.376 0.491 0.031 0.109
0 0.41 0.59 0.068 0.149
28 0.536 0.683 0.032 0.081
28 0.481 0.586 0.028 0.065
28 0.368 0.702 0.041 0.117
0 0.889 0.555 0.03 0.065
28 0.415 0.698 0.034 0.101
28 0.343 0.713 0.04 0.107
28 0.465 0.689 0.034 0.089
28 0.392 0.709 0.012 0.083
28 0.44 0.689 0.019 0.046
2 0.966 0.593 0.021 0.044
24 0.698 0.778 0.045 0.089
24 0.732 0.774 0.032 0.086
28 0.488 0.711 0.021 0.048
28 0.618 0.597 0.021 0.044
28 0.6 0.594 0.017 0.047
28 0.565 0.602 0.019 0.032
2 0.936 0.583 0.051 0.081
24 0.452 0.724 0.039 0.038
28 0.458 0.604 0.017 0.032
26 0.733 0.772 0.03 0.089
26 0.507 0.713 0.021 0.04
24 0.507 0.712 0.017 0.032
24 0.529 0.602 0.024 0.034
