2 0.978 0.359 0.042 0.098
0 0.199 0.594 0.164 0.749
0 0.738 0.584 0.173 0.648
0 0.934 0.488 0.096 0.525
46 0.478 0.707 0.063 0.087
46 0.537 0.706 0.055 0.066
46 0.511 0.709 0.049 0.067
46 0.55 0.686 0.043 0.05
46 0.548 0.662 0.033 0.061
46 0.515 0.651 0.029 0.046
46 0.489 0.655 0.105 0.067
47 0.442 0.605 0.021 0.029
47 0.583 0.672 0.067 0.048
47 0.416 0.572 0.017 0.018
47 0.426 0.568 0.161 0.129
47 0.317 0.512 0.018 0.024
0 0.989 0.42 0.021 0.224
0 0.698 0.342 0.028 0.081
0 0.886 0.352 0.032 0.09
47 0.096 0.412 0.012 0.016
47 0.131 0.351 0.026 0.033
47 0.264 0.442 0.084 0.093
