39 0.66 0.246 0.013 0.067
39 0.688 0.232 0.024 0.101
39 0.709 0.24 0.02 0.093
39 0.731 0.229 0.023 0.107
39 0.752 0.232 0.023 0.102
39 0.773 0.229 0.027 0.115
39 0.769 0.45 0.015 0.059
39 0.793 0.236 0.019 0.093
39 0.784 0.455 0.012 0.053
39 0.808 0.454 0.013 0.051
46 0.401 0.925 0.195 0.127
46 0.342 0.853 0.159 0.254
46 0.519 0.719 0.235 0.129
46 0.696 0.893 0.297 0.191
46 0.623 0.789 0.078 0.064
47 0.539 0.939 0.106 0.099
47 0.455 0.795 0.079 0.116
47 0.39 0.866 0.097 0.134
47 0.699 0.833 0.073 0.06
0 0.901 0.599 0.199 0.803
0 0.635 0.593 0.215 0.49
0 0.145 0.643 0.291 0.688
0 0.352 0.529 0.106 0.32
0 0.299 0.692 0.271 0.581
39 0.795 0.453 0.013 0.05
39 0.673 0.247 0.013 0.071
47 0.583 0.898 0.063 0.066
47 0.482 0.872 0.082 0.072
39 0.735 0.38 0.011 0.051
