82 0.469 0.721 0.634 0.128
73 0.085 0.555 0.014 0.109
39 0.751 0.559 0.076 0.208
40 0.861 0.27 0.044 0.147
40 0.926 0.262 0.042 0.147
40 0.881 0.258 0.031 0.092
40 0.99 0.294 0.02 0.069
40 0.636 0.6 0.055 0.099
40 0.429 0.593 0.038 0.087
73 0.111 0.552 0.011 0.109
74 0.171 0.388 0.034 0.062
75 0.484 0.686 0.058 0.086
41 0.851 0.888 0.042 0.066
73 0.116 0.32 0.015 0.109
73 0.102 0.318 0.012 0.115
73 0.097 0.553 0.016 0.107
73 0.121 0.549 0.013 0.101
73 0.128 0.32 0.012 0.108
73 0.093 0.32 0.023 0.117
73 0.136 0.55 0.017 0.11
75 0.532 0.684 0.043 0.072
75 0.772 0.496 0.017 0.149
75 0.597 0.595 0.053 0.021
75 0.223 0.58 0.05 0.02
41 0.895 0.896 0.043 0.074
41 0.813 0.887 0.036 0.06
41 0.981 0.896 0.037 0.063
41 0.772 0.882 0.038 0.072
41 0.858 0.814 0.015 0.01
41 0.878 0.838 0.036 0.016
41 0.843 0.846 0.01 0.009
41 0.858 0.852 0.041 0.022
41 0.535 0.682 0.043 0.075
45 0.255 0.779 0.081 0.045
45 0.326 0.756 0.074 0.037
41 0.939 0.897 0.048 0.072
41 0.945 0.855 0.045 0.017
41 0.96 0.819 0.033 0.022
41 0.903 0.856 0.043 0.023
41 0.914 0.842 0.032 0.013
