2 0.566 0.49 0.113 0.076
2 0.614 0.47 0.089 0.051
2 0.738 0.475 0.03 0.055
5 0.873 0.406 0.253 0.461
56 0.187 0.72 0.14 0.264
7 0.248 0.407 0.496 0.343
26 0.743 0.536 0.028 0.096
7 0.875 0.438 0.251 0.384
0 0.709 0.582 0.072 0.294
0 0.67 0.567 0.045 0.293
0 0.235 0.609 0.167 0.379
0 0.362 0.503 0.048 0.201
0 0.022 0.583 0.044 0.313
0 0.045 0.535 0.028 0.111
0 0.249 0.562 0.071 0.22
0 0.282 0.452 0.049 0.105
82 0.863 0.673 0.122 0.242
82 0.61 0.609 0.073 0.179
82 0.579 0.573 0.076 0.144
82 0.386 0.567 0.079 0.152
0 0.075 0.555 0.074 0.193
26 0.296 0.529 0.049 0.08
56 0.106 0.625 0.083 0.191
82 0.057 0.538 0.035 0.017
2 0.582 0.45 0.028 0.019
