1 0.148 0.589 0.077 0.056
1 0.802 0.296 0.051 0.054
1 0.43 0.502 0.031 0.041
2 0.079 0.4 0.128 0.118
7 0.062 0.189 0.125 0.164
9 0.665 0.237 0.021 0.06
9 0.343 0.456 0.022 0.076
9 0.348 0.566 0.014 0.036
0 0.289 0.625 0.046 0.094
0 0.879 0.648 0.032 0.11
0 0.861 0.692 0.035 0.073
0 0.744 0.621 0.025 0.072
0 0.455 0.474 0.034 0.046
0 0.778 0.41 0.031 0.076
0 0.11 0.448 0.031 0.062
0 0.185 0.272 0.028 0.06
0 0.718 0.626 0.025 0.043
0 0.8 0.656 0.024 0.051
1 0.887 0.687 0.021 0.065
1 0.525 0.493 0.024 0.063
1 0.388 0.522 0.071 0.066
1 0.306 0.442 0.025 0.035
80 0.457 0.522 0.026 0.07
80 0.182 0.552 0.075 0.06
80 0.256 0.569 0.055 0.052
80 0.936 0.457 0.065 0.076
80 0.776 0.428 0.064 0.07
80 0.382 0.422 0.052 0.055
80 0.217 0.52 0.044 0.064
0 0.772 0.189 0.019 0.051
0 0.937 0.437 0.037 0.078
1 0.948 0.401 0.056 0.055
80 0.573 0.402 0.058 0.06
80 0.109 0.482 0.079 0.065
80 0.652 0.411 0.075 0.062
80 0.867 0.746 0.029 0.051
0 0.83 0.647 0.034 0.088
2 0.721 0.765 0.257 0.247
80 0.39 0.555 0.042 0.067
5 0.574 0.669 0.202 0.192
7 0.322 0.149 0.174 0.112
0 0.508 0.407 0.938 0.719
80 0.872 0.333 0.15 0.079
