2 0.251 0.851 0.042 0.041
2 0.338 0.849 0.016 0.018
2 0.598 0.846 0.022 0.029
2 0.185 0.849 0.054 0.05
2 0.951 0.841 0.097 0.106
2 0.357 0.847 0.015 0.018
2 0.227 0.853 0.019 0.033
7 0.752 0.841 0.081 0.082
7 0.549 0.839 0.046 0.061
7 0.094 0.839 0.099 0.09
7 0.283 0.845 0.026 0.036
7 0.5 0.842 0.024 0.03
7 0.95 0.842 0.097 0.106
7 0.184 0.848 0.054 0.053
9 0.466 0.503 0.022 0.069
9 0.431 0.483 0.019 0.085
9 0.463 0.562 0.013 0.049
9 0.56 0.529 0.013 0.066
9 0.579 0.532 0.019 0.065
9 0.701 0.567 0.015 0.068
9 0.753 0.592 0.016 0.059
9 0.805 0.612 0.018 0.048
9 0.328 0.523 0.018 0.061
9 0.093 0.476 0.028 0.079
9 0.119 0.474 0.021 0.07
2 0.387 0.849 0.019 0.019
2 0.368 0.846 0.01 0.014
9 0.442 0.819 0.097 0.03
