0 0.5 0.736 0.019 0.068
0 0.661 0.741 0.031 0.085
13 0.699 0.758 0.111 0.055
0 0.813 0.686 0.007 0.019
13 0.818 0.701 0.021 0.022
33 0.83 0.392 0.028 0.03
33 0.64 0.474 0.053 0.11
33 0.268 0.317 0.07 0.094
33 0.121 0.494 0.03 0.038
33 0.08 0.527 0.047 0.074
33 0.213 0.544 0.018 0.026
33 0.528 0.389 0.026 0.032
33 0.433 0.602 0.012 0.023
33 0.447 0.549 0.014 0.018
33 0.62 0.567 0.017 0.032
0 0.467 0.731 0.024 0.069
33 0.294 0.585 0.007 0.016
33 0.575 0.552 0.013 0.01
33 0.565 0.495 0.017 0.027
33 0.445 0.445 0.791 0.356
