0 0.479 0.688 0.195 0.535
0 0.753 0.643 0.177 0.427
0 0.882 0.602 0.147 0.547
46 0.648 0.859 0.106 0.085
46 0.68 0.134 0.065 0.074
46 0.169 0.162 0.045 0.129
46 0.046 0.144 0.015 0.02
46 0.04 0.581 0.015 0.02
46 0.312 0.323 0.019 0.035
46 0.375 0.298 0.019 0.024
46 0.373 0.559 0.06 0.166
46 0.617 0.732 0.082 0.159
46 0.779 0.195 0.023 0.04
46 0.052 0.816 0.044 0.088
46 0.964 0.077 0.057 0.079
0 0.296 0.649 0.143 0.426
0 0.168 0.616 0.176 0.743
46 0.283 0.958 0.034 0.038
46 0.5 0.499 0.997 0.998
