32 0.897 0.414 0.029 0.031
2 0.128 0.364 0.255 0.18
2 0.484 0.315 0.28 0.19
0 0.688 0.559 0.228 0.56
0 0.893 0.358 0.065 0.254
0 0.865 0.298 0.031 0.129
0 0.942 0.353 0.058 0.264
0 0.055 0.385 0.077 0.198
0 0.97 0.341 0.059 0.284
0 0.82 0.37 0.053 0.214
35 0.375 0.664 0.055 0.1
34 0.814 0.491 0.066 0.08
39 0.89 0.284 0.012 0.039
56 0.163 0.424 0.077 0.135
56 0.081 0.436 0.026 0.106
0 0.285 0.72 0.231 0.369
0 0.027 0.425 0.054 0.134
2 0.684 0.291 0.245 0.154
7 0.308 0.305 0.096 0.141
2 0.169 0.3 0.165 0.13
2 0.884 0.207 0.067 0.041
