39 0.543 0.338 0.045 0.146
39 0.514 0.352 0.032 0.162
0 0.324 0.217 0.233 0.429
0 0.791 0.203 0.348 0.393
41 0.737 0.298 0.055 0.072
43 0.292 0.474 0.089 0.023
44 0.756 0.241 0.047 0.058
53 0.407 0.827 0.186 0.238
53 0.482 0.734 0.527 0.375
53 0.701 0.496 0.371 0.173
53 0.788 0.373 0.107 0.039
45 0.876 0.433 0.15 0.068
53 0.312 0.494 0.031 0.024
67 0.347 0.325 0.04 0.032
0 0.156 0.295 0.312 0.57
39 0.433 0.442 0.054 0.137
42 0.299 0.458 0.021 0.033
53 0.35 0.797 0.268 0.19
82 0.477 0.623 0.947 0.727
