16 0.298 0.717 0.307 0.216
39 0.889 0.71 0.195 0.244
39 0.165 0.394 0.029 0.055
56 0.433 0.523 0.038 0.087
82 0.611 0.699 0.777 0.571
82 0.36 0.478 0.193 0.139
0 0.31 0.387 0.109 0.114
81 0.716 0.408 0.028 0.013
81 0.715 0.39 0.051 0.069
81 0.757 0.411 0.055 0.04
81 0.4 0.352 0.06 0.123
42 0.806 0.549 0.028 0.038
43 0.638 0.773 0.362 0.116
43 0.728 0.565 0.072 0.035
13 0.212 0.444 0.211 0.121
39 0.14 0.391 0.033 0.055
40 0.676 0.9 0.103 0.113
81 0.43 0.332 0.043 0.069
0 0.644 0.427 0.438 0.538
41 0.781 0.908 0.176 0.165
43 0.324 0.437 0.038 0.011
43 0.826 0.599 0.039 0.014
42 0.417 0.456 0.046 0.014
81 0.44 0.28 0.152 0.229
69 0.116 0.522 0.232 0.187
