0 0.319 0.227 0.254 0.454
44 0.261 0.684 0.084 0.088
44 0.426 0.67 0.063 0.112
44 0.343 0.682 0.069 0.08
43 0.376 0.834 0.117 0.111
44 0.568 0.692 0.061 0.088
45 0.483 0.718 0.079 0.096
45 0.405 0.714 0.087 0.09
45 0.561 0.719 0.075 0.09
45 0.567 0.81 0.09 0.143
45 0.4 0.794 0.102 0.152
45 0.221 0.801 0.121 0.129
45 0.327 0.711 0.098 0.099
81 0.497 0.19 0.196 0.372
43 0.185 0.835 0.12 0.075
43 0.075 0.832 0.132 0.08
43 0.273 0.839 0.11 0.092
43 0.533 0.789 0.117 0.086
43 0.605 0.377 0.063 0.054
44 0.55 0.856 0.035 0.07
44 0.493 0.68 0.064 0.092
44 0.273 0.838 0.114 0.101
45 0.241 0.712 0.088 0.095
45 0.483 0.809 0.097 0.141
54 0.778 0.621 0.051 0.059
54 0.82 0.698 0.056 0.069
54 0.716 0.422 0.048 0.054
54 0.769 0.682 0.05 0.057
54 0.827 0.637 0.052 0.058
54 0.775 0.265 0.025 0.034
41 0.197 0.431 0.113 0.192
45 0.132 0.776 0.164 0.173
