84 0.705 0.785 0.351 0.395
63 0.21 0.817 0.132 0.061
65 0.775 0.755 0.034 0.03
65 0.91 0.974 0.058 0.052
73 0.648 0.491 0.005 0.062
73 0.584 0.568 0.055 0.025
73 0.653 0.584 0.015 0.064
73 0.641 0.679 0.056 0.009
73 0.467 0.586 0.005 0.042
73 0.522 0.576 0.058 0.057
73 0.447 0.58 0.011 0.056
73 0.582 0.59 0.057 0.008
73 0.683 0.488 0.009 0.061
73 0.676 0.493 0.006 0.054
73 0.602 0.488 0.013 0.066
73 0.654 0.495 0.009 0.051
13 0.216 0.858 0.354 0.277
59 0.791 0.468 0.109 0.118
73 0.485 0.68 0.067 0.015
73 0.556 0.526 0.263 0.356
