0 0.252 0.517 0.067 0.198
0 0.309 0.514 0.059 0.219
0 0.465 0.525 0.07 0.235
0 0.533 0.489 0.081 0.306
0 0.745 0.485 0.068 0.338
0 0.605 0.674 0.197 0.276
0 0.517 0.5 0.038 0.226
0 0.57 0.406 0.01 0.031
24 0.328 0.466 0.04 0.09
26 0.954 0.72 0.048 0.056
0 0.649 0.552 0.08 0.136
24 0.458 0.6 0.046 0.079
24 0.593 0.713 0.103 0.164
24 0.883 0.752 0.166 0.12
24 0.259 0.436 0.02 0.01
30 0.293 0.625 0.048 0.027
30 0.381 0.621 0.092 0.058
30 0.822 0.61 0.044 0.047
26 0.896 0.674 0.055 0.072
30 0.248 0.612 0.104 0.04
30 0.209 0.692 0.219 0.054
30 0.128 0.77 0.236 0.103
