2 0.864 0.688 0.047 0.042
0 0.257 0.731 0.144 0.497
0 0.38 0.737 0.14 0.494
0 0.511 0.747 0.136 0.507
0 0.644 0.757 0.137 0.485
0 0.77 0.757 0.137 0.485
0 0.758 0.515 0.117 0.345
0 0.643 0.488 0.119 0.304
0 0.414 0.492 0.114 0.337
0 0.308 0.504 0.102 0.327
38 0.654 0.872 0.07 0.255
38 0.513 0.868 0.076 0.264
38 0.769 0.867 0.07 0.239
38 0.683 0.554 0.06 0.118
38 0.423 0.532 0.056 0.124
38 0.327 0.501 0.069 0.097
38 0.23 0.854 0.073 0.271
38 0.377 0.857 0.069 0.284
38 0.767 0.56 0.07 0.117
0 0.19 0.65 0.121 0.618
38 0.55 0.518 0.065 0.109
38 0.319 0.579 0.059 0.089
0 0.53 0.448 0.126 0.307
