17 0.648 0.558 0.307 0.385
2 0.981 0.467 0.038 0.036
2 0.096 0.466 0.009 0.018
2 0.064 0.465 0.04 0.027
2 0.828 0.532 0.145 0.171
2 0.916 0.434 0.06 0.028
2 0.981 0.434 0.033 0.023
2 0.025 0.462 0.026 0.015
2 0.163 0.462 0.021 0.021
0 0.416 0.371 0.085 0.266
0 0.13 0.594 0.078 0.23
0 0.206 0.446 0.069 0.122
17 0.676 0.42 0.326 0.164
0 0.895 0.472 0.009 0.037
2 0.908 0.451 0.037 0.032
0 0.953 0.472 0.009 0.034
0 0.904 0.471 0.012 0.038
2 0.929 0.448 0.033 0.022
2 0.125 0.46 0.041 0.025
2 0.011 0.475 0.022 0.023
2 0.085 0.46 0.02 0.016
7 0.848 0.479 0.092 0.068
2 0.482 0.449 0.961 0.049
