0 0.549 0.326 0.252 0.384
0 0.409 0.234 0.178 0.262
0 0.639 0.288 0.113 0.319
0 0.861 0.214 0.057 0.12
0 0.25 0.315 0.332 0.625
0 0.955 0.189 0.063 0.106
54 0.495 0.941 0.071 0.091
54 0.332 0.958 0.072 0.068
54 0.44 0.655 0.042 0.031
54 0.511 0.552 0.059 0.033
54 0.579 0.472 0.045 0.04
54 0.59 0.93 0.07 0.084
54 0.427 0.931 0.082 0.097
54 0.486 0.893 0.086 0.066
54 0.502 0.853 0.07 0.041
54 0.373 0.971 0.087 0.058
54 0.292 0.9 0.09 0.062
54 0.273 0.956 0.081 0.061
0 0.979 0.159 0.042 0.152
0 0.881 0.511 0.238 0.32
0 0.805 0.184 0.09 0.109
0 0.34 0.227 0.121 0.144
45 0.344 0.425 0.098 0.068
45 0.424 0.709 0.214 0.184
54 0.539 0.914 0.043 0.054
0 0.949 0.228 0.088 0.12
0 0.878 0.146 0.028 0.034
67 0.811 0.406 0.081 0.074
0 0.773 0.163 0.064 0.12
44 0.335 0.275 0.037 0.053
54 0.562 0.686 0.628 0.623
0 0.377 0.183 0.045 0.108
