83 0.306 0.281 0.087 0.163
83 0.588 0.251 0.085 0.138
56 0.476 0.577 0.168 0.342
83 0.503 0.256 0.078 0.135
63 0.657 0.363 0.112 0.162
64 0.593 0.384 0.015 0.021
66 0.528 0.372 0.094 0.058
24 0.394 0.894 0.165 0.181
32 0.951 0.669 0.093 0.263
39 0.231 0.504 0.027 0.093
39 0.429 0.293 0.012 0.056
39 0.44 0.286 0.012 0.065
39 0.753 0.417 0.021 0.082
39 0.772 0.394 0.024 0.093
81 0.919 0.323 0.085 0.159
66 0.342 0.368 0.063 0.059
66 0.658 0.406 0.075 0.051
73 0.391 0.361 0.045 0.035
73 0.39 0.343 0.037 0.038
75 0.869 0.283 0.027 0.115
39 0.206 0.55 0.031 0.095
41 0.732 0.395 0.028 0.089
41 0.718 0.444 0.037 0.068
41 0.768 0.395 0.036 0.085
41 0.751 0.429 0.025 0.067
64 0.466 0.37 0.007 0.017
73 0.223 0.341 0.038 0.028
73 0.221 0.38 0.037 0.016
