27 0.304 0.436 0.04 0.153
56 0.891 0.498 0.216 0.474
82 0.89 0.413 0.22 0.652
0 0.33 0.464 0.204 0.593
0 0.462 0.247 0.133 0.463
0 0.596 0.226 0.16 0.443
0 0.725 0.265 0.134 0.523
0 0.904 0.081 0.166 0.162
0 0.036 0.851 0.071 0.299
41 0.87 0.175 0.031 0.126
41 0.897 0.204 0.03 0.081
41 0.968 0.221 0.027 0.085
28 0.42 0.734 0.105 0.411
40 0.845 0.141 0.025 0.081
41 0.938 0.207 0.032 0.096
41 0.994 0.156 0.012 0.055
41 0.891 0.142 0.024 0.075
41 0.92 0.2 0.01 0.079
41 0.911 0.156 0.019 0.079
0 0.816 0.178 0.1 0.355
