1 0.393 0.652 0.566 0.677
2 0.951 0.227 0.043 0.042
0 0.703 0.396 0.072 0.244
0 0.429 0.293 0.06 0.077
0 0.304 0.585 0.281 0.721
0 0.047 0.479 0.094 0.417
0 0.373 0.286 0.032 0.094
0 0.407 0.288 0.036 0.081
0 0.692 0.257 0.033 0.097
0 0.843 0.237 0.02 0.072
28 0.462 0.49 0.112 0.237
0 0.883 0.242 0.019 0.075
0 0.857 0.232 0.014 0.076
0 0.794 0.24 0.026 0.068
2 0.986 0.225 0.029 0.032
28 0.767 0.379 0.054 0.043
28 0.739 0.294 0.052 0.055
28 0.625 0.611 0.07 0.165
28 0.391 0.575 0.133 0.145
0 0.277 0.283 0.028 0.06
26 0.062 0.388 0.121 0.121
0 0.302 0.317 0.061 0.108
0 0.549 0.564 0.898 0.673
