2 0.681 0.536 0.075 0.05
2 0.903 0.534 0.188 0.078
0 0.762 0.693 0.185 0.4
0 0.541 0.707 0.24 0.423
24 0.253 0.621 0.157 0.171
24 0.527 0.656 0.154 0.19
24 0.775 0.64 0.113 0.128
0 0.379 0.568 0.083 0.139
0 0.422 0.56 0.057 0.131
0 0.467 0.522 0.043 0.054
0 0.126 0.561 0.073 0.121
0 0.061 0.548 0.064 0.088
7 0.899 0.548 0.201 0.11
24 0.623 0.607 0.068 0.067
25 0.818 0.395 0.363 0.175
0 0.324 0.523 0.026 0.033
0 0.255 0.688 0.227 0.43
0 0.62 0.646 0.105 0.275
0 0.185 0.532 0.069 0.061
25 0.136 0.493 0.096 0.027
