14 0.618 0.95 0.1 0.089
19 0.79 0.453 0.192 0.406
19 0.163 0.682 0.252 0.199
0 0.342 0.269 0.156 0.379
19 0.793 0.691 0.395 0.26
45 0.273 0.47 0.044 0.029
45 0.198 0.466 0.037 0.024
45 0.236 0.47 0.039 0.021
45 0.174 0.461 0.038 0.035
45 0.243 0.45 0.056 0.01
45 0.2 0.44 0.039 0.026
45 0.244 0.435 0.055 0.014
45 0.22 0.383 0.034 0.018
45 0.228 0.406 0.018 0.016
14 0.418 0.846 0.042 0.119
14 0.448 0.772 0.074 0.103
14 0.66 0.219 0.091 0.119
14 0.619 0.298 0.024 0.056
14 0.369 0.64 0.024 0.062
14 0.449 0.722 0.038 0.074
14 0.611 0.641 0.044 0.044
14 0.659 0.591 0.025 0.022
14 0.908 0.205 0.084 0.089
14 0.947 0.423 0.055 0.054
14 0.327 0.664 0.064 0.059
45 0.242 0.456 0.05 0.007
0 0.13 0.264 0.14 0.309
14 0.416 0.652 0.044 0.037
14 0.646 0.579 0.633 0.662
