56 0.944 0.602 0.082 0.168
56 0.726 0.534 0.129 0.14
56 0.018 0.247 0.035 0.073
56 0.205 0.541 0.024 0.119
0 0.717 0.745 0.339 0.51
0 0.495 0.377 0.12 0.246
0 0.838 0.492 0.206 0.4
0 0.243 0.633 0.127 0.357
0 0.268 0.464 0.129 0.322
0 0.574 0.245 0.091 0.316
63 0.523 0.665 0.125 0.21
63 0.874 0.822 0.15 0.234
24 0.332 0.881 0.214 0.238
0 0.372 0.699 0.296 0.56
39 0.885 0.73 0.031 0.145
56 0.049 0.692 0.085 0.349
56 0.032 0.397 0.049 0.163
63 0.616 0.613 0.065 0.112
63 0.801 0.662 0.091 0.087
63 0.482 0.514 0.147 0.143
63 0.416 0.591 0.048 0.118
56 0.21 0.874 0.225 0.252
82 0.097 0.459 0.167 0.217
82 0.695 0.713 0.609 0.543
63 0.518 0.21 0.049 0.05
0 0.589 0.423 0.17 0.336
