0 0.725 0.531 0.037 0.246
0 0.494 0.489 0.034 0.097
0 0.691 0.511 0.033 0.22
0 0.103 0.484 0.03 0.136
0 0.136 0.583 0.08 0.391
0 0.781 0.489 0.038 0.211
0 0.54 0.577 0.067 0.321
0 0.875 0.486 0.06 0.19
0 0.93 0.46 0.033 0.21
2 0.948 0.432 0.105 0.228
0 0.977 0.463 0.035 0.248
0 0.963 0.458 0.017 0.222
80 0.376 0.62 0.094 0.202
80 0.136 0.671 0.107 0.221
80 0.443 0.593 0.024 0.159
80 0.531 0.627 0.099 0.248
80 0.872 0.566 0.092 0.151
80 0.609 0.581 0.07 0.145
80 0.204 0.648 0.094 0.196
80 0.315 0.611 0.048 0.158
80 0.476 0.61 0.059 0.164
80 0.662 0.553 0.06 0.13
80 0.797 0.524 0.078 0.124
80 0.051 0.642 0.086 0.308
0 0.742 0.496 0.033 0.219
