56 0.746 0.428 0.156 0.163
56 0.932 0.445 0.136 0.167
56 0.017 0.426 0.034 0.141
56 0.977 0.437 0.046 0.146
0 0.51 0.501 0.632 0.914
0 0.044 0.299 0.087 0.115
0 0.135 0.313 0.109 0.149
0 0.671 0.276 0.064 0.079
0 0.604 0.276 0.048 0.09
2 0.865 0.238 0.103 0.018
38 0.261 0.322 0.114 0.218
56 0.17 0.397 0.116 0.134
0 0.589 0.191 0.063 0.085
0 0.637 0.194 0.045 0.108
0 0.088 0.231 0.044 0.035
0 0.075 0.284 0.054 0.082
0 0.013 0.27 0.026 0.058
0 0.121 0.231 0.028 0.031
13 0.846 0.298 0.149 0.011
13 0.877 0.321 0.17 0.013
0 0.727 0.293 0.076 0.117
0 0.972 0.37 0.055 0.13
