5 0.772 0.577 0.366 0.46
0 0.529 0.679 0.045 0.247
0 0.132 0.658 0.041 0.247
0 0.16 0.672 0.041 0.241
0 0.231 0.682 0.049 0.282
0 0.317 0.673 0.057 0.248
0 0.362 0.67 0.033 0.238
0 0.398 0.667 0.047 0.254
0 0.787 0.569 0.047 0.059
0 0.488 0.677 0.057 0.253
0 0.503 0.568 0.022 0.075
24 0.107 0.61 0.018 0.063
26 0.529 0.652 0.037 0.048
26 0.571 0.681 0.024 0.038
26 0.453 0.728 0.038 0.078
26 0.369 0.705 0.015 0.055
0 0.439 0.671 0.039 0.244
0 0.567 0.664 0.041 0.259
26 0.339 0.672 0.017 0.052
0 0.384 0.554 0.029 0.071
0 0.445 0.571 0.219 0.089
