56 0.526 0.745 0.083 0.144
56 0.975 0.87 0.051 0.228
82 0.662 0.83 0.578 0.311
45 0.644 0.888 0.187 0.159
46 0.622 0.881 0.1 0.046
71 0.247 0.603 0.294 0.11
76 0.648 0.384 0.016 0.042
76 0.671 0.378 0.02 0.029
43 0.252 0.317 0.063 0.018
43 0.255 0.34 0.045 0.014
43 0.256 0.37 0.047 0.016
43 0.256 0.397 0.03 0.005
56 0.649 0.589 0.137 0.286
56 0.803 0.679 0.211 0.06
69 0.798 0.431 0.169 0.246
69 0.791 0.631 0.163 0.09
74 0.101 0.045 0.078 0.086
43 0.259 0.386 0.035 0.005
43 0.258 0.406 0.03 0.005
43 0.257 0.412 0.033 0.007
43 0.258 0.432 0.028 0.006
43 0.22 0.473 0.008 0.08
43 0.594 0.589 0.007 0.092
43 0.607 0.586 0.011 0.063
43 0.634 0.579 0.012 0.082
45 0.265 0.527 0.026 0.027
45 0.484 0.487 0.029 0.029
