5 0.175 0.563 0.087 0.113
5 0.513 0.583 0.532 0.314
0 0.483 0.801 0.109 0.376
0 0.322 0.785 0.144 0.411
0 0.857 0.744 0.107 0.352
0 0.708 0.628 0.038 0.049
0 0.548 0.67 0.046 0.155
0 0.965 0.685 0.052 0.163
0 0.049 0.628 0.012 0.048
0 0.431 0.667 0.036 0.136
9 0.073 0.548 0.008 0.033
9 0.072 0.579 0.004 0.021
24 0.07 0.747 0.11 0.181
26 0.95 0.658 0.018 0.037
0 0.083 0.613 0.018 0.067
5 0.056 0.586 0.035 0.048
5 0.803 0.622 0.056 0.155
26 0.529 0.668 0.013 0.016
28 0.666 0.72 0.053 0.061
0 0.085 0.782 0.133 0.435
26 0.517 0.937 0.088 0.127
0 0.481 0.61 0.015 0.015
