56 0.072 0.304 0.109 0.291
56 0.319 0.23 0.047 0.056
56 0.279 0.227 0.041 0.049
56 0.393 0.237 0.063 0.063
40 0.689 0.249 0.138 0.362
40 0.533 0.229 0.144 0.407
53 0.589 0.708 0.821 0.584
82 0.5 0.691 1.0 0.592
0 0.893 0.3 0.214 0.098
39 0.875 0.042 0.026 0.085
39 0.848 0.048 0.025 0.078
39 0.128 0.155 0.027 0.018
39 0.119 0.074 0.039 0.025
39 0.115 0.032 0.038 0.025
39 0.073 0.138 0.033 0.018
39 0.631 0.052 0.052 0.041
39 0.923 0.046 0.016 0.064
43 0.195 0.486 0.087 0.019
56 0.972 0.272 0.054 0.09
56 0.45 0.246 0.046 0.084
82 0.293 0.328 0.431 0.225
39 0.625 0.018 0.049 0.036
56 0.021 0.256 0.039 0.081
45 0.891 0.418 0.218 0.164
56 0.161 0.218 0.048 0.043
