0 0.322 0.681 0.02 0.037
0 0.449 0.717 0.028 0.046
0 0.242 0.612 0.03 0.034
0 0.193 0.473 0.01 0.011
0 0.182 0.558 0.014 0.013
37 0.454 0.895 0.086 0.022
37 0.441 0.715 0.021 0.022
0 0.866 0.432 0.002 0.02
0 0.844 0.42 0.008 0.023
0 0.234 0.58 0.01 0.027
0 0.442 0.88 0.076 0.043
0 0.392 0.451 0.009 0.006
0 0.448 0.492 0.004 0.013
0 0.208 0.496 0.026 0.016
37 0.257 0.607 0.004 0.009
37 0.316 0.693 0.012 0.016
37 0.257 0.579 0.011 0.01
37 0.182 0.566 0.008 0.005
37 0.214 0.494 0.014 0.01
37 0.381 0.489 0.031 0.005
37 0.248 0.624 0.023 0.022
0 0.596 0.438 0.755 0.13
37 0.325 0.456 0.288 0.098
