56 0.257 0.675 0.025 0.084
56 0.35 0.633 0.021 0.048
0 0.303 0.687 0.083 0.347
0 0.385 0.593 0.069 0.117
0 0.451 0.658 0.142 0.253
0 0.569 0.588 0.057 0.128
0 0.58 0.519 0.053 0.089
0 0.812 0.488 0.03 0.057
0 0.935 0.476 0.026 0.04
13 0.155 0.597 0.123 0.097
28 0.656 0.747 0.117 0.191
1 0.713 0.583 0.053 0.092
13 0.526 0.746 0.323 0.325
13 0.751 0.627 0.145 0.184
13 0.523 0.542 0.063 0.057
24 0.572 0.616 0.049 0.041
36 0.967 0.521 0.02 0.01
13 0.812 0.5 0.044 0.034
13 0.925 0.484 0.025 0.025
13 0.988 0.474 0.016 0.017
13 0.248 0.592 0.103 0.094
