2 0.955 0.095 0.091 0.181
2 0.269 0.051 0.208 0.1
80 0.408 0.533 0.801 0.894
0 0.554 0.319 0.32 0.499
0 0.29 0.121 0.071 0.236
0 0.136 0.145 0.071 0.225
0 0.878 0.143 0.067 0.197
0 0.843 0.123 0.03 0.212
0 0.711 0.092 0.071 0.13
0 0.544 0.103 0.043 0.112
0 0.082 0.157 0.079 0.221
0 0.818 0.125 0.039 0.194
0 0.251 0.112 0.035 0.039
24 0.277 0.068 0.049 0.071
26 0.058 0.118 0.05 0.08
26 0.132 0.108 0.043 0.076
26 0.37 0.223 0.02 0.046
26 0.693 0.124 0.035 0.063
26 0.595 0.078 0.022 0.07
26 0.668 0.292 0.05 0.102
47 0.627 0.06 0.006 0.006
0 0.778 0.069 0.062 0.077
26 0.57 0.127 0.048 0.062
0 0.395 0.187 0.075 0.356
