81 0.792 0.152 0.111 0.256
81 0.416 0.144 0.097 0.242
0 0.646 0.605 0.272 0.789
0 0.373 0.63 0.311 0.714
0 0.528 0.629 0.225 0.713
81 0.66 0.13 0.129 0.207
81 0.292 0.131 0.1 0.237
27 0.562 0.557 0.034 0.101
81 0.526 0.135 0.102 0.254
56 0.868 0.765 0.184 0.424
56 0.341 0.5 0.377 0.28
56 0.828 0.473 0.181 0.184
56 0.428 0.756 0.075 0.452
56 0.286 0.611 0.191 0.171
73 0.514 0.66 0.158 0.124
81 0.181 0.044 0.109 0.087
0 0.89 0.655 0.22 0.684
0 0.137 0.701 0.274 0.563
56 0.071 0.431 0.142 0.164
56 0.024 0.605 0.047 0.182
56 0.935 0.47 0.038 0.165
81 0.946 0.055 0.104 0.106
