56 0.9 0.703 0.1 0.211
56 0.813 0.645 0.076 0.168
56 0.972 0.715 0.056 0.212
56 0.912 0.591 0.077 0.05
82 0.875 0.679 0.191 0.174
84 0.857 0.567 0.07 0.07
71 0.278 0.774 0.259 0.163
25 0.265 0.468 0.338 0.295
41 0.903 0.488 0.017 0.027
43 0.069 0.685 0.019 0.052
56 0.985 0.598 0.029 0.038
76 0.06 0.759 0.044 0.039
41 0.951 0.489 0.019 0.031
41 0.937 0.485 0.01 0.028
41 0.993 0.489 0.014 0.034
43 0.044 0.733 0.011 0.026
43 0.047 0.708 0.016 0.049
43 0.034 0.723 0.011 0.034
69 0.563 0.802 0.18 0.395
56 0.853 0.572 0.057 0.074
41 0.887 0.485 0.018 0.037
