40 0.717 0.751 0.049 0.124
40 0.935 0.452 0.029 0.082
40 0.857 0.4 0.017 0.03
40 0.723 0.619 0.042 0.142
40 0.261 0.429 0.015 0.024
41 0.466 0.616 0.025 0.071
82 0.605 0.765 0.775 0.446
0 0.848 0.492 0.158 0.396
0 0.682 0.45 0.19 0.371
0 0.554 0.441 0.128 0.281
0 0.474 0.415 0.119 0.254
0 0.247 0.424 0.131 0.263
39 0.676 0.624 0.06 0.294
39 0.506 0.617 0.044 0.203
39 0.577 0.515 0.035 0.092
39 0.283 0.496 0.028 0.156
39 0.343 0.509 0.025 0.136
39 0.327 0.528 0.035 0.155
39 0.437 0.49 0.026 0.124
39 0.538 0.629 0.027 0.206
40 0.096 0.554 0.053 0.17
40 0.022 0.369 0.038 0.083
40 0.071 0.411 0.018 0.04
40 0.373 0.575 0.018 0.065
40 0.454 0.377 0.014 0.024
41 0.384 0.573 0.043 0.07
0 0.375 0.407 0.116 0.204
0 0.154 0.502 0.143 0.406
0 0.266 0.856 0.532 0.268
0 0.235 0.761 0.47 0.438
40 0.552 0.36 0.025 0.029
56 0.95 0.708 0.099 0.198
39 0.576 0.664 0.084 0.207
40 0.01 0.653 0.019 0.139
43 0.438 0.68 0.071 0.019
0 0.896 0.553 0.209 0.354
40 0.638 0.324 0.025 0.071
40 0.385 0.492 0.052 0.108
