0 0.338 0.59 0.577 0.821
0 0.112 0.403 0.159 0.569
0 0.544 0.423 0.175 0.787
0 0.627 0.482 0.107 0.465
0 0.082 0.523 0.14 0.603
0 0.198 0.354 0.134 0.378
0 0.335 0.23 0.087 0.151
43 0.593 0.791 0.11 0.027
55 0.709 0.638 0.141 0.331
0 0.289 0.245 0.061 0.169
0 0.047 0.587 0.093 0.804
27 0.35 0.282 0.017 0.041
27 0.118 0.292 0.034 0.17
27 0.513 0.375 0.012 0.136
82 0.66 0.731 0.477 0.514
55 0.643 0.957 0.033 0.062
55 0.649 0.631 0.026 0.046
55 0.55 0.976 0.032 0.032
55 0.609 0.988 0.033 0.023
55 0.642 0.844 0.153 0.129
55 0.619 0.964 0.025 0.042
55 0.558 0.921 0.04 0.04
55 0.613 0.935 0.033 0.047
55 0.583 0.942 0.031 0.031
55 0.557 0.946 0.034 0.034
0 0.554 0.354 0.063 0.283
