38 0.249 0.235 0.217 0.082
0 0.655 0.533 0.603 0.589
0 0.949 0.498 0.09 0.117
0 0.941 0.411 0.099 0.076
0 0.846 0.422 0.134 0.114
0 0.537 0.421 0.083 0.076
0 0.408 0.42 0.167 0.071
0 0.286 0.54 0.136 0.106
0 0.286 0.605 0.133 0.105
0 0.467 0.624 0.167 0.066
0 0.899 0.515 0.112 0.128
0 0.107 0.605 0.151 0.101
0 0.165 0.551 0.125 0.098
56 0.356 0.561 0.066 0.066
56 0.448 0.521 0.099 0.088
56 0.156 0.49 0.095 0.027
56 0.962 0.58 0.075 0.036
56 0.309 0.418 0.075 0.023
56 0.683 0.282 0.082 0.029
56 0.392 0.535 0.115 0.068
56 0.251 0.492 0.094 0.03
56 0.103 0.516 0.074 0.028
56 0.166 0.398 0.078 0.028
56 0.177 0.35 0.061 0.026
0 0.758 0.196 0.079 0.08
56 0.356 0.397 0.082 0.021
56 0.302 0.464 0.092 0.026
56 0.499 0.309 0.998 0.569
0 0.5 0.336 0.995 0.672
