2 0.521 0.248 0.28 0.083
35 0.512 0.631 0.095 0.037
0 0.419 0.61 0.463 0.357
0 0.813 0.487 0.142 0.129
0 0.721 0.494 0.123 0.114
0 0.743 0.431 0.087 0.06
0 0.727 0.415 0.076 0.08
0 0.267 0.504 0.124 0.073
0 0.193 0.515 0.049 0.04
0 0.11 0.492 0.04 0.095
0 0.641 0.35 0.13 0.108
0 0.62 0.251 0.052 0.081
0 0.559 0.259 0.076 0.114
13 0.337 0.366 0.06 0.045
32 0.106 0.138 0.025 0.017
56 0.383 0.493 0.091 0.067
56 0.533 0.356 0.112 0.075
56 0.705 0.356 0.117 0.079
56 0.838 0.514 0.093 0.072
56 0.789 0.475 0.012 0.016
0 0.506 0.47 0.096 0.052
2 0.778 0.264 0.213 0.08
56 0.652 0.378 0.03 0.035
0 0.498 0.266 0.064 0.108
13 0.264 0.387 0.101 0.049
0 0.5 0.378 0.994 0.424
