27 0.651 0.652 0.06 0.4
0 0.642 0.548 0.543 0.881
0 0.284 0.546 0.434 0.881
0 0.417 0.433 0.027 0.089
0 0.498 0.463 0.048 0.345
0 0.779 0.342 0.091 0.167
0 0.948 0.497 0.094 0.493
0 0.055 0.448 0.11 0.375
0 0.444 0.536 0.083 0.197
0 0.329 0.44 0.063 0.32
40 0.363 0.631 0.025 0.059
40 0.356 0.614 0.022 0.08
40 0.045 0.619 0.023 0.074
82 0.411 0.682 0.163 0.2
0 0.393 0.395 0.046 0.181
27 0.044 0.433 0.025 0.166
27 0.51 0.367 0.011 0.041
40 0.384 0.487 0.012 0.039
56 0.431 0.591 0.063 0.09
56 0.45 0.467 0.031 0.074
0 0.823 0.38 0.033 0.091
0 0.931 0.676 0.139 0.648
56 0.461 0.431 0.017 0.057
82 0.044 0.746 0.088 0.302
0 0.569 0.397 0.056 0.149
82 0.535 0.455 0.025 0.044
