39 0.811 0.626 0.043 0.152
41 0.826 0.714 0.055 0.11
63 0.183 0.733 0.261 0.333
63 0.7 0.615 0.203 0.291
63 0.208 0.525 0.182 0.198
64 0.715 0.799 0.05 0.066
66 0.483 0.772 0.286 0.103
66 0.208 0.809 0.221 0.18
73 0.957 0.707 0.028 0.159
73 0.963 0.917 0.074 0.166
66 0.698 0.668 0.168 0.092
66 0.217 0.582 0.164 0.07
73 0.946 0.696 0.029 0.179
73 0.962 0.694 0.046 0.184
74 0.417 0.658 0.039 0.043
83 0.495 0.515 0.252 0.234
73 0.869 0.822 0.128 0.106
73 0.939 0.698 0.028 0.17
73 0.982 0.713 0.033 0.148
41 0.984 0.765 0.032 0.098
