56 0.177 0.531 0.1 0.092
56 0.256 0.495 0.045 0.067
56 0.981 0.806 0.038 0.219
56 0.985 0.627 0.031 0.163
82 0.591 0.937 0.818 0.126
0 0.275 0.615 0.551 0.75
0 0.142 0.476 0.168 0.297
0 0.026 0.421 0.052 0.181
41 0.692 0.94 0.099 0.097
53 0.39 0.774 0.167 0.164
0 0.954 0.47 0.091 0.211
0 0.22 0.44 0.076 0.195
0 0.513 0.533 0.1 0.425
41 0.53 0.532 0.037 0.03
53 0.609 0.971 0.072 0.058
56 0.041 0.76 0.077 0.201
56 0.019 0.589 0.037 0.148
0 0.766 0.596 0.447 0.773
0 0.882 0.511 0.187 0.374
0 0.621 0.506 0.082 0.138
56 0.521 0.692 0.024 0.089
82 0.037 0.496 0.015 0.013
41 0.861 0.929 0.184 0.143
41 0.061 0.481 0.027 0.046
41 0.021 0.481 0.027 0.058
41 0.341 0.98 0.118 0.04
82 0.044 0.582 0.087 0.161
