0 0.05 0.426 0.041 0.121
0 0.92 0.445 0.035 0.042
0 0.3 0.405 0.012 0.021
0 0.143 0.403 0.018 0.05
28 0.532 0.535 0.048 0.062
28 0.582 0.448 0.126 0.077
28 0.443 0.456 0.057 0.044
28 0.741 0.681 0.041 0.099
0 0.804 0.599 0.166 0.483
24 0.385 0.416 0.058 0.055
28 0.27 0.547 0.112 0.124
28 0.924 0.684 0.094 0.154
28 0.957 0.559 0.086 0.143
28 0.685 0.619 0.058 0.085
28 0.542 0.421 0.1 0.075
83 0.656 0.361 0.037 0.045
83 0.61 0.363 0.039 0.04
83 0.513 0.362 0.028 0.032
83 0.464 0.361 0.027 0.031
83 0.435 0.362 0.025 0.03
83 0.395 0.361 0.022 0.025
83 0.372 0.36 0.02 0.027
83 0.337 0.361 0.017 0.026
83 0.318 0.361 0.018 0.023
83 0.548 0.36 0.028 0.035
0 0.227 0.498 0.088 0.302
28 0.438 0.504 0.06 0.05
28 0.306 0.583 0.148 0.121
28 0.487 0.462 0.041 0.078
28 0.513 0.405 0.057 0.056
28 0.52 0.568 0.956 0.45
