26 0.73 0.804 0.034 0.1
26 0.409 0.787 0.031 0.036
26 0.618 0.797 0.035 0.093
28 0.364 0.858 0.051 0.066
0 0.628 0.826 0.073 0.272
0 0.534 0.813 0.044 0.234
0 0.418 0.791 0.048 0.217
0 0.267 0.731 0.058 0.11
0 0.309 0.746 0.024 0.168
0 0.377 0.695 0.025 0.057
0 0.421 0.685 0.024 0.058
24 0.045 0.73 0.03 0.038
0 0.189 0.77 0.045 0.197
0 0.721 0.844 0.068 0.258
0 0.107 0.73 0.065 0.111
7 0.095 0.873 0.183 0.22
26 0.221 0.727 0.016 0.06
0 0.215 0.694 0.031 0.076
0 0.234 0.765 0.046 0.199
0 0.293 0.771 0.035 0.183
24 0.757 0.74 0.004 0.046
26 0.391 0.742 0.022 0.059
26 0.139 0.709 0.026 0.049
26 0.666 0.784 0.027 0.08
26 0.307 0.761 0.021 0.038
26 0.687 0.885 0.034 0.049
0 0.499 0.756 0.998 0.392
