5 0.557 0.526 0.657 0.652
5 0.875 0.457 0.249 0.312
5 0.983 0.505 0.034 0.24
0 0.171 0.572 0.033 0.16
0 0.064 0.537 0.044 0.08
0 0.123 0.578 0.037 0.18
0 0.107 0.536 0.023 0.073
0 0.086 0.532 0.028 0.084
0 0.018 0.537 0.036 0.082
0 0.155 0.53 0.014 0.067
0 0.781 0.521 0.029 0.053
0 0.75 0.519 0.034 0.064
9 0.122 0.347 0.044 0.151
9 0.893 0.094 0.07 0.171
9 0.172 0.369 0.033 0.114
12 0.935 0.686 0.069 0.171
26 0.027 0.562 0.016 0.033
26 0.175 0.604 0.019 0.045
0 0.798 0.508 0.026 0.063
0 0.699 0.52 0.038 0.074
9 0.476 0.508 0.01 0.023
