0 0.717 0.301 0.166 0.199
45 0.33 0.099 0.144 0.148
49 0.834 0.866 0.067 0.088
49 0.917 0.842 0.134 0.084
49 0.322 0.715 0.099 0.102
42 0.283 0.156 0.142 0.09
45 0.909 0.103 0.159 0.185
49 0.248 0.67 0.093 0.107
49 0.28 0.637 0.067 0.071
49 0.362 0.768 0.072 0.06
51 0.499 0.502 0.203 0.193
51 0.495 0.889 0.062 0.069
51 0.5 0.898 0.198 0.197
51 0.156 0.511 0.119 0.169
51 0.678 0.264 0.032 0.083
51 0.334 0.058 0.13 0.079
51 0.502 0.701 0.205 0.198
51 0.899 0.301 0.202 0.193
51 0.502 0.396 0.993 0.787
55 0.5 0.08 0.091 0.062
49 0.925 0.882 0.146 0.136
49 0.277 0.782 0.083 0.031
49 0.252 0.749 0.084 0.063
49 0.381 0.69 0.036 0.098
51 0.5 0.32 0.174 0.117
51 0.704 0.524 0.04 0.033
51 0.61 0.5 0.017 0.036
51 0.7 0.501 0.198 0.197
51 0.499 0.523 0.995 0.95
