0 0.354 0.414 0.096 0.261
0 0.962 0.893 0.072 0.191
0 0.632 0.373 0.105 0.37
0 0.411 0.578 0.178 0.378
0 0.295 0.479 0.069 0.12
0 0.864 0.387 0.068 0.102
0 0.952 0.548 0.095 0.377
0 0.405 0.371 0.058 0.177
0 0.26 0.35 0.08 0.152
0 0.198 0.425 0.077 0.286
34 0.297 0.546 0.072 0.067
32 0.515 0.662 0.02 0.027
35 0.956 0.563 0.039 0.043
35 0.195 0.44 0.027 0.054
34 0.747 0.899 0.138 0.05
56 0.03 0.354 0.052 0.118
0 0.111 0.343 0.066 0.165
0 0.021 0.334 0.042 0.151
0 0.525 0.398 0.068 0.149
56 0.255 0.371 0.064 0.135
56 0.414 0.379 0.061 0.135
56 0.674 0.396 0.026 0.099
56 0.961 0.354 0.047 0.05
56 0.115 0.364 0.083 0.119
0 0.559 0.498 0.878 0.997
