56 0.526 0.565 0.252 0.148
56 0.252 0.48 0.145 0.233
56 0.383 0.499 0.19 0.226
56 0.225 0.341 0.027 0.025
82 0.501 0.781 0.989 0.416
82 0.724 0.248 0.102 0.059
0 0.752 0.546 0.496 0.635
41 0.552 0.819 0.14 0.325
41 0.154 0.92 0.196 0.161
53 0.214 0.823 0.308 0.238
73 0.865 0.88 0.269 0.239
56 0.44 0.354 0.121 0.074
56 0.66 0.452 0.066 0.275
56 0.608 0.396 0.062 0.208
56 0.194 0.344 0.03 0.017
56 0.737 0.273 0.048 0.077
56 0.818 0.203 0.023 0.045
82 0.414 0.469 0.349 0.216
82 0.7 0.327 0.037 0.052
0 0.849 0.165 0.071 0.106
0 0.784 0.162 0.037 0.064
0 0.949 0.254 0.101 0.389
56 0.113 0.468 0.104 0.237
