30 0.17 0.898 0.208 0.062
30 0.702 0.923 0.108 0.024
30 0.511 0.811 0.09 0.008
0 0.716 0.816 0.064 0.229
0 0.669 0.788 0.024 0.094
0 0.652 0.689 0.013 0.032
0 0.501 0.62 0.012 0.031
0 0.576 0.631 0.016 0.023
0 0.607 0.624 0.006 0.02
0 0.632 0.61 0.01 0.022
0 0.65 0.618 0.012 0.038
0 0.137 0.847 0.107 0.304
0 0.055 0.699 0.02 0.095
0 0.573 0.778 0.027 0.083
24 0.73 0.762 0.036 0.056
30 0.439 0.785 0.017 0.012
30 0.595 0.806 0.035 0.016
30 0.619 0.803 0.027 0.015
30 0.104 0.682 0.03 0.067
30 0.133 0.658 0.011 0.008
0 0.135 0.632 0.018 0.055
24 0.421 0.729 0.013 0.027
24 0.36 0.688 0.016 0.034
30 0.414 0.753 0.016 0.021
0 0.418 0.672 0.739 0.335
