39 0.717 0.52 0.014 0.021
39 0.734 0.518 0.021 0.025
39 0.755 0.515 0.022 0.032
39 0.78 0.513 0.028 0.037
72 0.848 0.583 0.122 0.465
41 0.413 0.512 0.057 0.031
45 0.478 0.517 0.082 0.038
68 0.15 0.504 0.153 0.05
41 0.707 0.405 0.042 0.024
44 0.525 0.479 0.037 0.028
44 0.569 0.484 0.027 0.02
46 0.488 0.435 0.067 0.035
47 0.491 0.346 0.024 0.014
71 0.089 0.553 0.175 0.035
41 0.432 0.527 0.03 0.035
43 0.061 0.498 0.048 0.038
43 0.064 0.507 0.024 0.019
43 0.055 0.483 0.037 0.025
69 0.105 0.775 0.202 0.351
44 0.564 0.477 0.015 0.02
