56 0.097 0.518 0.176 0.137
0 0.452 0.46 0.159 0.159
47 0.335 0.65 0.087 0.074
47 0.56 0.644 0.104 0.074
49 0.322 0.556 0.113 0.059
49 0.511 0.486 0.085 0.063
46 0.067 0.638 0.074 0.039
46 0.267 0.754 0.163 0.142
46 0.623 0.795 0.076 0.109
46 0.713 0.798 0.16 0.113
46 0.159 0.636 0.099 0.062
46 0.229 0.723 0.186 0.116
46 0.463 0.705 0.093 0.111
46 0.539 0.823 0.097 0.168
46 0.789 0.795 0.215 0.168
46 0.68 0.82 0.072 0.1
46 0.598 0.841 0.087 0.134
46 0.474 0.749 0.065 0.102
47 0.233 0.6 0.073 0.045
82 0.482 0.779 0.964 0.441
0 0.829 0.57 0.341 0.546
0 0.616 0.404 0.187 0.194
41 0.894 0.929 0.099 0.082
51 0.471 0.637 0.134 0.079
51 0.109 0.604 0.054 0.038
46 0.397 0.713 0.109 0.12
47 0.41 0.613 0.091 0.076
