39 0.903 0.555 0.013 0.057
39 0.934 0.561 0.011 0.032
39 0.686 0.435 0.012 0.033
39 0.636 0.269 0.022 0.07
56 0.39 0.759 0.153 0.453
56 0.504 0.688 0.114 0.313
56 0.927 0.602 0.085 0.03
56 0.592 0.62 0.077 0.195
56 0.873 0.668 0.096 0.075
56 0.96 0.702 0.075 0.038
56 0.778 0.685 0.15 0.033
82 0.765 0.766 0.47 0.166
0 0.452 0.462 0.073 0.137
0 0.506 0.455 0.053 0.152
69 0.356 0.531 0.061 0.025
56 0.819 0.601 0.035 0.045
39 0.655 0.356 0.012 0.038
39 0.397 0.509 0.014 0.034
56 0.633 0.879 0.212 0.242
82 0.891 0.656 0.215 0.104
82 0.91 0.571 0.18 0.092
45 0.129 0.377 0.02 0.011
45 0.149 0.376 0.02 0.011
45 0.104 0.377 0.018 0.016
