56 0.785 0.526 0.219 0.262
56 0.255 0.432 0.073 0.069
56 0.242 0.433 0.126 0.14
56 0.178 0.352 0.05 0.038
56 0.237 0.329 0.06 0.066
56 0.739 0.342 0.084 0.081
0 0.777 0.255 0.058 0.062
55 0.573 0.199 0.212 0.275
55 0.56 0.381 0.267 0.127
82 0.503 0.827 0.994 0.346
82 0.812 0.487 0.324 0.235
82 0.345 0.488 0.245 0.28
55 0.55 0.631 0.308 0.164
55 0.56 0.856 0.387 0.221
56 0.721 0.386 0.069 0.043
81 0.16 0.259 0.092 0.099
81 0.932 0.248 0.107 0.095
56 0.397 0.322 0.051 0.045
56 0.454 0.286 0.021 0.014
56 0.218 0.413 0.061 0.09
56 0.886 0.329 0.053 0.062
56 0.258 0.529 0.126 0.21
56 0.853 0.378 0.043 0.047
56 0.732 0.294 0.2 0.08
