39 0.785 0.806 0.143 0.274
39 0.372 0.839 0.032 0.192
39 0.341 0.679 0.045 0.081
39 0.054 0.695 0.082 0.222
39 0.306 0.829 0.098 0.311
39 0.559 0.88 0.149 0.225
45 0.565 0.754 0.389 0.165
0 0.156 0.452 0.288 0.517
0 0.247 0.417 0.33 0.281
0 0.849 0.491 0.303 0.581
0 0.294 0.377 0.114 0.243
0 0.386 0.378 0.225 0.227
0 0.713 0.381 0.097 0.17
0 0.272 0.347 0.25 0.305
0 0.067 0.521 0.129 0.598
44 0.93 0.881 0.14 0.058
56 0.594 0.418 0.102 0.071
0 0.752 0.371 0.218 0.205
44 0.467 0.489 0.126 0.025
44 0.346 0.686 0.227 0.073
44 0.672 0.846 0.088 0.026
82 0.522 0.59 0.615 0.174
39 0.425 0.858 0.115 0.284
39 0.349 0.826 0.057 0.219
82 0.502 0.797 0.997 0.38
