18 0.837 0.675 0.044 0.102
18 0.62 0.665 0.037 0.107
18 0.661 0.66 0.037 0.088
18 0.729 0.663 0.035 0.093
18 0.683 0.642 0.031 0.096
18 0.492 0.598 0.021 0.021
18 0.563 0.657 0.036 0.108
18 0.588 0.66 0.025 0.102
0 0.513 0.579 0.033 0.084
0 0.463 0.589 0.023 0.08
18 0.705 0.652 0.022 0.077
18 0.757 0.658 0.028 0.098
18 0.792 0.661 0.041 0.089
18 0.515 0.647 0.022 0.072
18 0.535 0.643 0.026 0.074
7 0.283 0.569 0.062 0.059
19 0.591 0.655 0.035 0.105
19 0.732 0.661 0.035 0.092
19 0.713 0.594 0.064 0.059
19 0.764 0.589 0.064 0.062
19 0.672 0.588 0.031 0.032
18 0.619 0.604 0.419 0.098
