27 0.255 0.764 0.009 0.018
0 0.417 0.759 0.031 0.093
0 0.254 0.785 0.044 0.114
0 0.452 0.768 0.041 0.104
0 0.819 0.77 0.03 0.054
0 0.22 0.763 0.038 0.054
0 0.797 0.796 0.026 0.067
20 0.236 0.903 0.103 0.162
20 0.431 0.883 0.084 0.142
20 0.544 0.886 0.166 0.102
20 0.808 0.861 0.061 0.093
20 0.972 0.848 0.056 0.097
20 0.632 0.869 0.062 0.114
27 0.221 0.763 0.003 0.013
0 0.424 0.793 0.026 0.049
0 0.6 0.802 0.029 0.081
0 0.64 0.769 0.033 0.06
0 0.983 0.779 0.026 0.066
0 0.572 0.796 0.034 0.077
0 0.546 0.81 0.03 0.073
0 0.617 0.767 0.022 0.071
