32 0.024 0.233 0.047 0.039
56 0.637 0.486 0.034 0.137
56 0.418 0.177 0.121 0.076
38 0.108 0.357 0.183 0.098
0 0.443 0.544 0.495 0.509
0 0.578 0.398 0.122 0.157
0 0.398 0.253 0.147 0.181
0 0.29 0.245 0.109 0.154
0 0.791 0.242 0.126 0.174
0 0.905 0.24 0.186 0.193
0 0.641 0.175 0.136 0.195
0 0.18 0.138 0.125 0.124
0 0.172 0.222 0.131 0.151
0 0.289 0.133 0.1 0.114
0 0.525 0.071 0.129 0.136
56 0.765 0.174 0.122 0.077
56 0.885 0.168 0.116 0.064
56 0.97 0.177 0.058 0.079
0 0.043 0.224 0.086 0.145
56 0.531 0.18 0.111 0.081
0 0.746 0.07 0.119 0.139
56 0.912 0.303 0.08 0.047
56 0.746 0.268 0.072 0.091
56 0.417 0.086 0.09 0.064
0 0.499 0.14 0.998 0.28
