80 0.118 0.95 0.099 0.096
80 0.199 0.766 0.045 0.082
80 0.375 0.746 0.036 0.075
80 0.35 0.685 0.016 0.035
80 0.32 0.728 0.026 0.06
80 0.458 0.676 0.014 0.034
0 0.375 0.701 0.043 0.124
0 0.158 0.841 0.09 0.271
0 0.204 0.716 0.044 0.126
0 0.239 0.669 0.026 0.059
0 0.324 0.687 0.035 0.092
0 0.301 0.664 0.021 0.053
0 0.415 0.652 0.02 0.038
0 0.351 0.654 0.024 0.043
0 0.129 0.848 0.13 0.272
0 0.462 0.658 0.028 0.049
0 0.502 0.653 0.023 0.068
0 0.267 0.723 0.058 0.142
80 0.261 0.784 0.046 0.088
80 0.301 0.716 0.016 0.052
2 0.394 0.639 0.026 0.026
