16 0.848 0.463 0.114 0.19
0 0.349 0.34 0.207 0.673
0 0.645 0.375 0.213 0.749
0 0.43 0.288 0.123 0.57
0 0.254 0.252 0.07 0.445
0 0.941 0.513 0.118 0.946
1 0.772 0.244 0.095 0.216
1 0.201 0.222 0.062 0.276
1 0.038 0.282 0.071 0.185
1 0.013 0.303 0.026 0.189
1 0.084 0.13 0.168 0.209
36 0.499 0.541 0.178 0.274
41 0.874 0.076 0.088 0.151
26 0.731 0.218 0.039 0.137
26 0.463 0.213 0.041 0.162
1 0.849 0.197 0.189 0.284
0 0.498 0.214 0.096 0.425
1 0.547 0.241 0.048 0.253
1 0.892 0.204 0.215 0.291
1 0.219 0.794 0.435 0.384
1 0.207 0.157 0.05 0.126
0 0.177 0.094 0.072 0.188
1 0.112 0.189 0.177 0.354
