0 0.926 0.378 0.148 0.517
0 0.519 0.425 0.445 0.836
0 0.185 0.667 0.361 0.475
46 0.929 0.914 0.102 0.103
49 0.976 0.755 0.049 0.063
46 0.837 0.76 0.117 0.123
46 0.918 0.927 0.162 0.146
46 0.964 0.804 0.071 0.066
49 0.928 0.753 0.043 0.05
0 0.04 0.408 0.079 0.212
46 0.972 0.905 0.057 0.157
47 0.692 0.886 0.055 0.06
47 0.64 0.863 0.061 0.071
47 0.738 0.836 0.078 0.073
47 0.576 0.902 0.039 0.083
47 0.506 0.924 0.059 0.088
47 0.691 0.82 0.056 0.046
47 0.685 0.853 0.062 0.052
47 0.554 0.894 0.024 0.085
