67 0.382 0.426 0.021 0.018
0 0.339 0.516 0.255 0.441
0 0.3 0.429 0.181 0.243
1 0.104 0.523 0.206 0.269
0 0.271 0.534 0.075 0.371
56 0.471 0.56 0.171 0.402
56 0.552 0.578 0.101 0.437
56 0.595 0.586 0.113 0.467
56 0.847 0.648 0.306 0.578
56 0.699 0.56 0.186 0.458
56 0.767 0.6 0.228 0.529
56 0.879 0.443 0.09 0.146
56 0.938 0.786 0.123 0.424
56 0.345 0.618 0.051 0.257
56 0.911 0.736 0.177 0.42
13 0.619 0.564 0.229 0.451
13 0.848 0.642 0.296 0.558
0 0.091 0.369 0.173 0.331
13 0.938 0.781 0.124 0.413
13 0.913 0.739 0.172 0.423
56 0.491 0.629 0.061 0.3
56 0.379 0.617 0.05 0.261
56 0.665 0.426 0.158 0.186
