49 0.743 0.725 0.141 0.176
49 0.84 0.848 0.166 0.209
49 0.787 0.778 0.138 0.186
49 0.62 0.776 0.102 0.171
47 0.479 0.019 0.024 0.029
47 0.161 0.417 0.073 0.06
47 0.431 0.217 0.076 0.091
47 0.322 0.272 0.069 0.088
47 0.455 0.032 0.033 0.029
47 0.406 0.033 0.04 0.045
47 0.288 0.205 0.29 0.24
47 0.128 0.311 0.047 0.064
47 0.271 0.35 0.106 0.15
47 0.616 0.166 0.067 0.064
47 0.552 0.168 0.057 0.048
47 0.556 0.264 0.074 0.072
49 0.709 0.669 0.127 0.157
49 0.593 0.873 0.462 0.229
49 0.934 0.57 0.114 0.14
49 0.879 0.751 0.242 0.473
49 0.711 0.295 0.101 0.116
49 0.121 0.554 0.104 0.095
47 0.433 0.031 0.019 0.033
