14 0.498 0.664 0.671 0.13
14 0.956 0.822 0.055 0.087
14 0.762 0.881 0.04 0.105
14 0.317 0.88 0.058 0.075
14 0.2 0.904 0.041 0.097
14 0.901 0.942 0.042 0.083
14 0.278 0.861 0.045 0.086
14 0.318 0.925 0.095 0.09
14 0.407 0.891 0.048 0.072
14 0.495 0.913 0.046 0.076
0 0.585 0.642 0.2 0.589
0 0.707 0.276 0.046 0.179
13 0.421 0.68 0.804 0.538
41 0.62 0.975 0.066 0.05
14 0.376 0.869 0.031 0.071
0 0.604 0.237 0.038 0.032
0 0.082 0.255 0.019 0.072
0 0.742 0.245 0.032 0.092
14 0.208 0.462 0.047 0.134
14 0.46 0.9 0.317 0.194
