56 0.263 0.741 0.512 0.492
56 0.743 0.35 0.066 0.149
56 0.822 0.423 0.149 0.289
56 0.977 0.399 0.047 0.186
56 0.22 0.38 0.098 0.145
56 0.698 0.325 0.04 0.13
56 0.034 0.423 0.067 0.161
56 0.298 0.654 0.139 0.186
84 0.889 0.835 0.221 0.303
84 0.457 0.483 0.41 0.252
82 0.754 0.307 0.09 0.025
0 0.483 0.204 0.019 0.051
0 0.514 0.215 0.048 0.112
0 0.657 0.242 0.038 0.146
0 0.974 0.234 0.051 0.116
75 0.555 0.453 0.078 0.05
75 0.364 0.248 0.039 0.109
75 0.61 0.271 0.046 0.138
0 0.462 0.24 0.038 0.165
27 0.97 0.246 0.019 0.055
56 0.508 0.315 0.117 0.09
56 0.993 0.392 0.014 0.025
0 0.674 0.246 0.035 0.146
0 0.534 0.188 0.016 0.02
0 0.412 0.261 0.035 0.188
0 0.625 0.254 0.028 0.133
0 0.397 0.264 0.048 0.169
56 0.812 0.283 0.036 0.041
