39 0.114 0.439 0.019 0.056
39 0.134 0.451 0.024 0.035
39 0.159 0.444 0.023 0.049
39 0.096 0.439 0.023 0.056
39 0.072 0.436 0.029 0.061
39 0.11 0.525 0.046 0.062
39 0.138 0.524 0.018 0.053
39 0.175 0.522 0.03 0.062
39 0.134 0.584 0.019 0.05
39 0.117 0.586 0.019 0.046
39 0.203 0.449 0.026 0.036
0 0.499 0.583 0.482 0.73
0 0.788 0.597 0.425 0.775
17 0.481 0.849 0.28 0.296
72 0.161 0.551 0.274 0.389
39 0.088 0.587 0.023 0.045
74 0.578 0.013 0.034 0.027
55 0.574 0.526 0.099 0.031
39 0.197 0.586 0.025 0.052
39 0.526 0.442 0.944 0.475
