0 0.863 0.227 0.042 0.097
0 0.752 0.101 0.061 0.103
0 0.801 0.221 0.04 0.079
28 0.583 0.463 0.245 0.094
28 0.619 0.267 0.151 0.038
28 0.384 0.233 0.145 0.044
28 0.396 0.263 0.147 0.046
28 0.399 0.3 0.163 0.043
28 0.354 0.413 0.141 0.026
28 0.358 0.463 0.243 0.083
28 0.225 0.453 0.139 0.111
28 0.213 0.373 0.209 0.047
28 0.503 0.376 0.127 0.061
28 0.165 0.855 0.316 0.272
28 0.155 0.732 0.307 0.163
0 0.819 0.203 0.028 0.046
0 0.984 0.223 0.033 0.087
0 0.942 0.23 0.059 0.11
25 0.322 0.138 0.267 0.061
0 0.331 0.199 0.037 0.042
28 0.116 0.551 0.226 0.106
0 0.758 0.195 0.064 0.09
28 0.499 0.462 0.998 0.748
