39 0.206 0.382 0.024 0.07
39 0.186 0.386 0.022 0.063
33 0.961 0.441 0.078 0.086
33 0.376 0.098 0.064 0.195
0 0.587 0.677 0.21 0.643
0 0.232 0.56 0.174 0.755
24 0.319 0.368 0.019 0.027
0 0.159 0.403 0.067 0.345
0 0.046 0.7 0.092 0.579
0 0.078 0.555 0.156 0.723
0 0.457 0.365 0.055 0.136
0 0.519 0.342 0.042 0.072
0 0.624 0.387 0.07 0.162
0 0.972 0.363 0.04 0.094
0 0.76 0.419 0.075 0.072
33 0.286 0.456 0.134 0.297
0 0.659 0.371 0.021 0.062
0 0.317 0.557 0.114 0.569
0 0.813 0.371 0.055 0.168
0 0.541 0.337 0.859 0.281
