34 0.531 0.431 0.05 0.254
35 0.668 0.797 0.057 0.083
0 0.493 0.675 0.168 0.591
0 0.855 0.697 0.114 0.605
0 0.665 0.741 0.154 0.497
0 0.693 0.204 0.065 0.141
0 0.513 0.227 0.063 0.112
0 0.431 0.191 0.116 0.156
0 0.308 0.186 0.076 0.156
0 0.239 0.216 0.067 0.102
0 0.56 0.23 0.07 0.105
0 0.968 0.154 0.064 0.12
0 0.943 0.529 0.081 0.199
56 0.956 0.276 0.053 0.048
56 0.957 0.23 0.057 0.041
56 0.903 0.224 0.057 0.042
56 0.833 0.268 0.088 0.056
56 0.851 0.225 0.052 0.045
56 0.733 0.264 0.077 0.054
0 0.128 0.216 0.073 0.089
56 0.784 0.267 0.057 0.052
56 0.978 0.279 0.044 0.051
56 0.989 0.234 0.022 0.044
0 0.879 0.134 0.098 0.143
0 0.5 0.315 0.997 0.625
