27 0.448 0.67 0.057 0.195
27 0.649 0.549 0.05 0.347
0 0.468 0.583 0.212 0.394
0 0.678 0.547 0.303 0.82
0 0.725 0.243 0.074 0.138
0 0.849 0.42 0.109 0.258
0 0.502 0.327 0.065 0.309
0 0.356 0.284 0.042 0.163
0 0.208 0.232 0.028 0.041
0 0.172 0.259 0.027 0.074
0 0.138 0.242 0.022 0.07
0 0.292 0.267 0.031 0.047
63 0.164 0.637 0.216 0.158
0 0.662 0.212 0.024 0.06
56 0.908 0.809 0.184 0.382
56 0.55 0.433 0.076 0.173
56 0.226 0.378 0.048 0.123
56 0.321 0.352 0.06 0.109
56 0.07 0.498 0.073 0.084
56 0.416 0.359 0.041 0.054
27 0.265 0.835 0.373 0.206
27 0.374 0.89 0.357 0.215
27 0.307 0.893 0.361 0.183
27 0.414 0.898 0.313 0.203
27 0.101 0.781 0.155 0.073
56 0.13 0.528 0.082 0.088
56 0.287 0.382 0.048 0.122
56 0.099 0.438 0.042 0.075
56 0.471 0.414 0.09 0.156
56 0.009 0.406 0.018 0.095
0 0.397 0.313 0.021 0.028
26 0.956 0.196 0.067 0.179
0 0.038 0.234 0.024 0.035
82 0.104 0.592 0.207 0.189
27 0.081 0.743 0.163 0.082
27 0.344 0.836 0.364 0.131
56 0.591 0.629 0.064 0.107
56 0.057 0.451 0.068 0.127
56 0.257 0.393 0.514 0.281
0 0.391 0.278 0.356 0.148
