83 0.679 0.375 0.101 0.178
28 0.655 0.708 0.158 0.199
28 0.693 0.918 0.317 0.142
28 0.428 0.555 0.065 0.08
28 0.449 0.645 0.119 0.13
28 0.514 0.729 0.169 0.24
28 0.356 0.493 0.054 0.043
0 0.156 0.68 0.141 0.64
0 0.303 0.477 0.061 0.197
28 0.367 0.551 0.047 0.049
28 0.342 0.485 0.03 0.032
83 0.451 0.356 0.007 0.012
83 0.5 0.356 0.007 0.014
0 0.186 0.422 0.021 0.103
0 0.971 0.416 0.032 0.098
0 0.949 0.419 0.021 0.082
0 0.901 0.417 0.046 0.073
0 0.841 0.404 0.029 0.083
0 0.789 0.409 0.031 0.058
0 0.356 0.405 0.022 0.068
0 0.211 0.401 0.028 0.057
0 0.43 0.398 0.023 0.057
26 0.214 0.731 0.021 0.036
28 0.4 0.609 0.059 0.089
28 0.359 0.462 0.068 0.048
0 0.324 0.4 0.028 0.036
0 0.279 0.44 0.021 0.125
83 0.43 0.356 0.023 0.017
0 0.512 0.412 0.852 0.099
