82 0.502 0.781 0.996 0.402
0 0.581 0.324 0.508 0.621
42 0.584 0.553 0.123 0.036
0 0.298 0.118 0.057 0.069
0 0.127 0.175 0.129 0.304
0 0.246 0.102 0.05 0.055
41 0.957 0.628 0.085 0.253
43 0.461 0.57 0.126 0.057
53 0.6 0.817 0.227 0.275
53 0.831 0.783 0.252 0.178
53 0.215 0.866 0.42 0.24
56 0.074 0.416 0.148 0.337
56 0.315 0.262 0.115 0.188
0 0.239 0.194 0.08 0.18
0 0.189 0.161 0.083 0.096
0 0.606 0.265 0.363 0.197
0 0.305 0.189 0.101 0.122
56 0.197 0.335 0.137 0.275
82 0.239 0.185 0.051 0.026
0 0.051 0.264 0.102 0.528
56 0.185 0.195 0.028 0.035
56 0.632 0.504 0.446 0.197
