5 0.914 0.943 0.147 0.11
0 0.609 0.757 0.01 0.027
0 0.823 0.89 0.014 0.053
0 0.595 0.744 0.009 0.028
0 0.293 0.944 0.022 0.049
2 0.524 0.788 0.029 0.037
2 0.327 0.85 0.038 0.046
2 0.347 0.818 0.029 0.029
9 0.643 0.745 0.01 0.03
9 0.545 0.741 0.009 0.051
2 0.648 0.928 0.051 0.06
2 0.426 0.7 0.023 0.027
2 0.408 0.663 0.017 0.016
2 0.574 0.859 0.04 0.049
2 0.355 0.792 0.031 0.031
2 0.367 0.772 0.028 0.03
2 0.598 0.829 0.034 0.041
2 0.313 0.889 0.045 0.048
2 0.565 0.93 0.052 0.056
1 0.609 0.765 0.01 0.021
2 0.649 0.8 0.03 0.037
9 0.193 0.847 0.014 0.051
0 0.641 0.706 0.008 0.026
0 0.62 0.685 0.005 0.024
80 0.288 0.958 0.027 0.045
2 0.367 0.8 0.384 0.396
