15 0.617 0.584 0.534 0.729
56 0.109 0.435 0.216 0.492
65 0.297 0.777 0.241 0.119
73 0.813 0.415 0.04 0.15
73 0.865 0.243 0.018 0.118
73 0.867 0.054 0.017 0.108
73 0.854 0.565 0.019 0.094
73 0.893 0.427 0.039 0.149
73 0.854 0.054 0.021 0.108
73 0.87 0.439 0.024 0.11
73 0.852 0.439 0.023 0.102
73 0.901 0.24 0.029 0.151
73 0.187 0.632 0.095 0.055
73 0.765 0.416 0.021 0.126
73 0.82 0.233 0.016 0.104
77 0.324 0.053 0.086 0.102
65 0.093 0.688 0.12 0.083
73 0.787 0.414 0.03 0.142
73 0.801 0.339 0.395 0.677
