56 0.171 0.816 0.139 0.069
56 0.92 0.897 0.16 0.206
56 0.786 0.889 0.145 0.203
82 0.172 0.908 0.335 0.164
82 0.835 0.782 0.276 0.153
0 0.436 0.701 0.196 0.589
0 0.647 0.672 0.19 0.656
53 0.534 0.737 0.163 0.121
82 0.104 0.749 0.208 0.052
8 0.765 0.474 0.157 0.261
27 0.423 0.58 0.057 0.048
43 0.179 0.854 0.026 0.033
43 0.198 0.907 0.02 0.05
56 0.178 0.765 0.104 0.076
56 0.025 0.804 0.05 0.113
56 0.033 0.72 0.066 0.036
56 0.242 0.95 0.199 0.101
56 0.262 0.689 0.022 0.141
56 0.738 0.738 0.038 0.042
56 0.318 0.707 0.027 0.143
56 0.288 0.695 0.044 0.15
81 0.092 0.51 0.076 0.137
82 0.297 0.648 0.066 0.039
56 0.514 0.869 0.078 0.112
56 0.137 0.717 0.088 0.034
56 0.158 0.8 0.316 0.396
