13 0.401 0.208 0.273 0.091
0 0.608 0.566 0.15 0.291
0 0.112 0.808 0.121 0.354
0 0.48 0.719 0.192 0.292
0 0.54 0.748 0.201 0.377
0 0.49 0.104 0.068 0.119
0 0.9 0.594 0.115 0.353
0 0.756 0.393 0.136 0.299
0 0.423 0.457 0.201 0.296
0 0.095 0.241 0.104 0.337
0 0.151 0.147 0.099 0.277
0 0.709 0.746 0.194 0.288
0 0.352 0.07 0.071 0.101
27 0.48 0.119 0.025 0.067
27 0.58 0.135 0.015 0.056
27 0.65 0.047 0.012 0.039
27 0.428 0.111 0.009 0.04
27 0.352 0.079 0.008 0.034
32 0.532 0.627 0.033 0.046
56 0.308 0.177 0.073 0.123
56 0.433 0.189 0.069 0.099
56 0.389 0.194 0.071 0.125
56 0.479 0.192 0.066 0.078
56 0.521 0.207 0.066 0.094
56 0.52 0.074 0.027 0.032
56 0.566 0.084 0.024 0.032
56 0.611 0.096 0.034 0.035
56 0.259 0.126 0.022 0.099
56 0.352 0.189 0.066 0.133
56 0.847 0.057 0.051 0.065
0 0.768 0.25 0.057 0.127
27 0.165 0.034 0.007 0.016
56 0.814 0.05 0.028 0.067
56 0.765 0.168 0.035 0.048
0 0.489 0.191 0.978 0.381
