39 0.149 0.768 0.106 0.059
0 0.488 0.53 0.525 0.76
40 0.98 0.134 0.039 0.05
41 0.701 0.231 0.056 0.04
41 0.855 0.228 0.047 0.038
45 0.214 0.394 0.19 0.076
39 0.086 0.667 0.128 0.062
39 0.066 0.651 0.129 0.041
41 0.659 0.24 0.035 0.023
41 0.872 0.197 0.059 0.027
41 0.711 0.289 0.031 0.027
41 0.749 0.29 0.02 0.027
41 0.769 0.301 0.04 0.042
39 0.344 0.656 0.061 0.074
39 0.163 0.657 0.093 0.062
41 0.768 0.234 0.047 0.029
41 0.749 0.211 0.042 0.035
39 0.043 0.634 0.069 0.014
39 0.121 0.754 0.103 0.051
39 0.175 0.791 0.047 0.04
40 0.731 0.138 0.051 0.063
40 0.935 0.135 0.061 0.051
40 0.66 0.155 0.028 0.03
40 0.887 0.138 0.043 0.053
40 0.843 0.128 0.032 0.069
40 0.692 0.157 0.027 0.025
40 0.946 0.097 0.035 0.015
40 0.604 0.158 0.036 0.032
41 0.655 0.221 0.043 0.019
81 0.118 0.126 0.235 0.204
41 0.568 0.213 0.859 0.266
