82 0.743 0.743 0.491 0.48
82 0.254 0.499 0.504 0.323
45 0.114 0.796 0.207 0.228
45 0.421 0.896 0.151 0.184
45 0.726 0.871 0.214 0.22
45 0.422 0.562 0.15 0.167
45 0.415 0.234 0.161 0.195
45 0.25 0.231 0.169 0.166
45 0.569 0.625 0.127 0.172
45 0.125 0.074 0.135 0.123
45 0.283 0.504 0.097 0.1
45 0.082 0.221 0.146 0.218
45 0.135 0.565 0.225 0.192
54 0.915 0.346 0.103 0.089
45 0.288 0.852 0.119 0.121
82 0.751 0.435 0.489 0.113
41 0.285 0.501 0.093 0.098
45 0.38 0.374 0.115 0.066
82 0.196 0.899 0.373 0.18
45 0.544 0.499 0.909 0.998
