74 0.745 0.273 0.077 0.102
2 0.687 0.65 0.029 0.052
2 0.729 0.603 0.017 0.016
26 0.683 0.954 0.071 0.073
26 0.707 0.667 0.015 0.026
0 0.71 0.871 0.174 0.231
0 0.437 0.821 0.081 0.308
0 0.711 0.688 0.027 0.123
0 0.751 0.683 0.037 0.132
0 0.361 0.659 0.026 0.086
0 0.773 0.666 0.025 0.088
2 0.769 0.593 0.014 0.015
13 0.762 0.96 0.041 0.073
16 0.425 0.978 0.088 0.04
0 0.735 0.656 0.022 0.101
0 0.796 0.643 0.017 0.057
0 0.786 0.63 0.009 0.029
0 0.706 0.645 0.014 0.05
0 0.772 0.619 0.01 0.023
0 0.715 0.625 0.009 0.015
2 0.781 0.59 0.013 0.015
2 0.794 0.575 0.01 0.013
2 0.793 0.601 0.015 0.016
0 0.642 0.604 0.007 0.027
2 0.773 0.611 0.014 0.017
