2 0.411 0.572 0.191 0.24
2 0.47 0.44 0.055 0.092
5 0.197 0.425 0.393 0.225
0 0.913 0.538 0.094 0.267
0 0.855 0.533 0.059 0.25
1 0.875 0.652 0.171 0.286
7 0.653 0.49 0.336 0.503
0 0.108 0.399 0.019 0.04
0 0.095 0.4 0.011 0.04
19 0.397 0.6 0.092 0.241
19 0.271 0.61 0.103 0.285
19 0.151 0.61 0.117 0.292
19 0.562 0.646 0.132 0.347
19 0.331 0.478 0.029 0.072
19 0.694 0.649 0.124 0.322
19 0.132 0.539 0.104 0.183
0 0.615 0.393 0.054 0.09
0 0.736 0.406 0.076 0.089
0 0.041 0.406 0.012 0.032
19 0.209 0.612 0.068 0.252
19 0.393 0.444 0.031 0.027
