2 0.097 0.277 0.19 0.12
80 0.29 0.557 0.548 0.26
80 0.792 0.672 0.417 0.322
80 0.057 0.506 0.114 0.166
5 0.157 0.212 0.31 0.193
0 0.39 0.494 0.192 0.554
0 0.53 0.223 0.029 0.031
0 0.922 0.427 0.155 0.364
0 0.783 0.367 0.217 0.348
0 0.565 0.225 0.034 0.032
0 0.465 0.219 0.035 0.046
0 0.575 0.219 0.015 0.031
0 0.25 0.435 0.175 0.501
0 0.107 0.352 0.109 0.169
7 0.577 0.299 0.3 0.217
0 0.435 0.219 0.02 0.057
0 0.347 0.224 0.021 0.049
80 0.716 0.524 0.299 0.212
0 0.969 0.239 0.038 0.067
0 0.492 0.226 0.023 0.029
0 0.479 0.284 0.958 0.258
