56 0.706 0.929 0.162 0.115
56 0.123 0.921 0.141 0.137
41 0.357 0.834 0.039 0.055
41 0.445 0.758 0.023 0.059
41 0.328 0.817 0.032 0.071
41 0.525 0.76 0.026 0.088
42 0.401 0.897 0.062 0.057
82 0.436 0.846 0.354 0.218
0 0.073 0.791 0.147 0.419
0 0.167 0.656 0.108 0.283
0 0.223 0.784 0.187 0.404
41 0.316 0.786 0.03 0.066
43 0.464 0.897 0.027 0.044
43 0.543 0.873 0.05 0.013
44 0.546 0.874 0.041 0.02
45 0.346 0.883 0.105 0.056
56 0.309 0.705 0.03 0.106
0 0.602 0.77 0.286 0.434
0 0.81 0.77 0.165 0.461
0 0.021 0.598 0.042 0.192
0 0.608 0.631 0.062 0.269
0 0.825 0.667 0.239 0.407
0 0.469 0.631 0.154 0.22
26 0.915 0.896 0.079 0.204
39 0.382 0.78 0.017 0.096
39 0.543 0.771 0.016 0.095
39 0.462 0.77 0.019 0.057
40 0.413 0.762 0.027 0.074
40 0.43 0.745 0.024 0.066
41 0.508 0.776 0.036 0.06
41 0.431 0.726 0.028 0.035
41 0.563 0.81 0.033 0.053
41 0.396 0.792 0.016 0.063
41 0.368 0.731 0.031 0.03
56 0.903 0.844 0.068 0.207
56 0.464 0.647 0.118 0.015
45 0.526 0.881 0.096 0.062
41 0.532 0.826 0.049 0.049
41 0.399 0.741 0.026 0.048
41 0.353 0.784 0.032 0.041
41 0.382 0.736 0.009 0.014
41 0.452 0.778 0.228 0.117
