56 0.089 0.543 0.107 0.279
56 0.049 0.409 0.074 0.086
56 0.144 0.358 0.03 0.041
56 0.101 0.402 0.047 0.095
0 0.613 0.415 0.118 0.502
0 0.539 0.488 0.113 0.497
0 0.38 0.393 0.138 0.291
0 0.321 0.598 0.174 0.743
65 0.257 0.436 0.056 0.172
65 0.378 0.571 0.069 0.054
65 0.583 0.352 0.016 0.02
56 0.473 0.43 0.054 0.19
56 0.348 0.482 0.061 0.104
56 0.012 0.405 0.024 0.132
56 0.163 0.344 0.018 0.035
65 0.625 0.337 0.023 0.029
0 0.191 0.652 0.163 0.696
26 0.373 0.37 0.066 0.071
56 0.351 0.428 0.092 0.144
56 0.222 0.366 0.041 0.015
56 0.669 0.45 0.031 0.104
56 0.033 0.569 0.065 0.161
