5 0.5 0.667 0.15 0.324
0 0.502 0.832 0.094 0.279
0 0.694 0.853 0.065 0.256
0 0.631 0.741 0.023 0.068
0 0.902 0.733 0.016 0.032
0 0.404 0.74 0.024 0.066
0 0.6 0.735 0.013 0.063
9 0.684 0.665 0.007 0.024
9 0.666 0.642 0.007 0.023
9 0.678 0.697 0.009 0.017
26 0.751 0.853 0.049 0.139
26 0.48 0.822 0.016 0.051
0 0.939 0.72 0.017 0.044
0 0.74 0.866 0.091 0.251
0 0.776 0.83 0.052 0.247
0 0.844 0.825 0.067 0.209
2 0.08 0.799 0.16 0.207
2 0.974 0.811 0.053 0.181
2 0.922 0.804 0.101 0.134
2 0.325 0.743 0.033 0.095
2 0.85 0.79 0.091 0.109
2 0.192 0.768 0.094 0.158
2 0.255 0.757 0.053 0.13
2 0.295 0.747 0.044 0.112
2 0.382 0.738 0.039 0.042
2 0.504 0.821 0.161 0.179
2 0.806 0.77 0.064 0.102
2 0.693 0.749 0.047 0.072
24 0.785 0.794 0.029 0.067
24 0.479 0.825 0.015 0.049
0 0.49 0.875 0.057 0.173
0 0.96 0.731 0.015 0.032
2 0.67 0.74 0.041 0.068
9 0.691 0.669 0.006 0.022
2 0.377 0.709 0.755 0.456
