56 0.138 0.342 0.037 0.078
56 0.169 0.355 0.032 0.061
33 0.614 0.527 0.716 0.631
24 0.15 0.406 0.028 0.038
0 0.719 0.469 0.148 0.492
0 0.443 0.32 0.047 0.196
0 0.451 0.238 0.029 0.081
0 0.583 0.212 0.03 0.139
0 0.528 0.146 0.029 0.102
0 0.605 0.152 0.028 0.106
0 0.862 0.477 0.144 0.39
0 0.932 0.385 0.055 0.213
0 0.071 0.336 0.063 0.093
0 0.303 0.131 0.021 0.041
0 0.272 0.135 0.013 0.035
0 0.284 0.308 0.053 0.21
24 0.172 0.401 0.03 0.036
24 0.118 0.407 0.055 0.045
24 0.117 0.354 0.033 0.053
0 0.181 0.172 0.038 0.12
0 0.591 0.228 0.698 0.421
