32 0.322 0.173 0.021 0.029
56 0.967 0.214 0.008 0.021
0 0.832 0.717 0.336 0.567
0 0.666 0.341 0.039 0.098
0 0.739 0.344 0.027 0.097
0 0.951 0.342 0.026 0.121
0 0.252 0.336 0.108 0.28
35 0.642 0.777 0.098 0.143
56 0.875 0.137 0.016 0.011
56 0.915 0.116 0.01 0.007
56 0.92 0.074 0.005 0.006
56 0.666 0.179 0.014 0.008
56 0.866 0.088 0.008 0.006
56 0.594 0.178 0.014 0.01
56 0.805 0.131 0.01 0.007
56 0.738 0.206 0.014 0.023
0 0.826 0.282 0.017 0.027
0 0.768 0.287 0.016 0.02
0 0.788 0.285 0.011 0.023
0 0.818 0.204 0.011 0.041
0 0.941 0.127 0.008 0.021
0 0.148 0.329 0.017 0.057
0 0.124 0.325 0.016 0.065
56 0.867 0.123 0.011 0.01
56 0.891 0.102 0.008 0.005
56 0.9 0.081 0.007 0.007
0 0.136 0.328 0.015 0.059
56 0.778 0.115 0.441 0.194
0 0.543 0.196 0.911 0.343
