2 0.632 0.97 0.173 0.06
2 0.561 0.917 0.089 0.079
2 0.481 0.934 0.121 0.088
2 0.364 0.948 0.148 0.101
2 0.201 0.956 0.197 0.088
33 0.491 0.146 0.054 0.087
33 0.739 0.226 0.04 0.043
33 0.612 0.243 0.014 0.008
33 0.543 0.5 0.02 0.021
33 0.375 0.339 0.025 0.032
33 0.793 0.698 0.048 0.059
33 0.902 0.454 0.03 0.021
33 0.666 0.569 0.007 0.006
33 0.45 0.559 0.009 0.015
2 0.904 0.989 0.177 0.022
33 0.673 0.709 0.004 0.005
0 0.657 0.922 0.014 0.043
0 0.777 0.891 0.013 0.033
33 0.431 0.272 0.011 0.016
33 0.452 0.609 0.469 0.219
