74 0.719 0.151 0.07 0.105
56 0.893 0.855 0.143 0.094
43 0.863 0.465 0.04 0.008
43 0.818 0.53 0.004 0.08
71 0.787 0.627 0.115 0.035
43 0.567 0.41 0.069 0.011
43 0.864 0.474 0.04 0.007
43 0.863 0.5 0.033 0.008
45 0.48 0.751 0.09 0.066
47 0.917 0.571 0.017 0.007
56 0.532 0.969 0.142 0.062
71 0.681 0.636 0.09 0.026
72 0.19 0.826 0.136 0.303
43 0.866 0.439 0.057 0.016
43 0.87 0.387 0.072 0.016
43 0.866 0.408 0.058 0.016
43 0.866 0.454 0.048 0.008
43 0.865 0.491 0.035 0.008
43 0.57 0.458 0.042 0.009
43 0.551 0.381 0.096 0.012
45 0.481 0.849 0.063 0.042
45 0.747 0.952 0.175 0.095
47 0.935 0.571 0.011 0.01
47 0.952 0.571 0.013 0.012
73 0.113 0.593 0.03 0.097
43 0.571 0.446 0.06 0.015
45 0.484 0.881 0.083 0.079
45 0.318 0.888 0.069 0.091
43 0.548 0.449 0.713 0.221
