2 0.356 0.246 0.065 0.077
24 0.71 0.291 0.044 0.123
26 0.474 0.285 0.026 0.089
26 0.043 0.453 0.058 0.141
26 0.312 0.373 0.024 0.031
2 0.537 0.22 0.013 0.013
2 0.555 0.238 0.029 0.041
2 0.68 0.232 0.03 0.067
2 0.529 0.2 0.015 0.01
2 0.487 0.23 0.039 0.037
0 0.039 0.486 0.079 0.491
0 0.129 0.318 0.198 0.511
2 0.359 0.228 0.061 0.051
47 0.57 0.862 0.147 0.139
47 0.571 0.916 0.229 0.168
47 0.699 0.926 0.044 0.07
47 0.784 0.882 0.283 0.235
47 0.901 0.785 0.031 0.047
47 0.552 0.758 0.032 0.044
47 0.685 0.715 0.156 0.135
47 0.893 0.801 0.213 0.155
47 0.524 0.742 0.029 0.054
47 0.942 0.94 0.115 0.095
47 0.056 0.896 0.112 0.175
47 0.184 0.894 0.242 0.193
49 0.347 0.479 0.095 0.024
49 0.448 0.419 0.015 0.019
49 0.3 0.544 0.093 0.052
49 0.341 0.514 0.02 0.018
49 0.356 0.504 0.047 0.038
0 0.224 0.305 0.064 0.356
0 0.288 0.304 0.052 0.2
0 0.35 0.31 0.085 0.158
0 0.437 0.288 0.071 0.197
0 0.504 0.308 0.055 0.167
0 0.709 0.314 0.086 0.281
0 0.769 0.33 0.07 0.326
0 0.856 0.398 0.08 0.432
0 0.938 0.452 0.118 0.388
0 0.922 0.258 0.053 0.148
2 0.568 0.227 0.067 0.046
26 0.293 0.306 0.024 0.094
49 0.443 0.429 0.009 0.006
49 0.423 0.418 0.012 0.021
49 0.429 0.413 0.006 0.013
49 0.441 0.414 0.01 0.021
49 0.443 0.404 0.072 0.057
49 0.471 0.411 0.008 0.012
49 0.321 0.51 0.017 0.021
0 0.885 0.196 0.081 0.122
26 0.035 0.513 0.069 0.084
47 0.12 0.74 0.182 0.122
49 0.493 0.411 0.078 0.056
49 0.376 0.474 0.252 0.192
0 0.529 0.353 0.764 0.444
47 0.504 0.822 0.986 0.352
