80 0.402 0.734 0.663 0.456
80 0.726 0.734 0.544 0.461
0 0.326 0.477 0.153 0.176
0 0.082 0.482 0.149 0.168
0 0.736 0.491 0.089 0.134
0 0.859 0.486 0.118 0.145
0 0.413 0.4 0.14 0.212
0 0.514 0.392 0.113 0.236
0 0.749 0.378 0.119 0.251
0 0.654 0.341 0.09 0.144
0 0.699 0.523 0.186 0.21
26 0.515 0.422 0.078 0.127
39 0.599 0.199 0.021 0.074
39 0.723 0.192 0.018 0.054
41 0.662 0.388 0.02 0.043
56 0.692 0.576 0.154 0.112
56 0.815 0.508 0.03 0.06
56 0.953 0.674 0.094 0.308
56 0.41 0.53 0.047 0.058
56 0.05 0.557 0.097 0.11
81 0.211 0.538 0.063 0.076
75 0.623 0.372 0.018 0.042
0 0.463 0.496 0.1 0.174
80 0.1 0.78 0.201 0.415
39 0.707 0.188 0.016 0.045
39 0.689 0.192 0.02 0.043
39 0.654 0.207 0.019 0.058
39 0.636 0.207 0.018 0.06
39 0.616 0.2 0.016 0.075
39 0.582 0.204 0.017 0.066
39 0.512 0.201 0.018 0.072
39 0.494 0.203 0.019 0.066
39 0.547 0.202 0.016 0.071
39 0.401 0.26 0.022 0.067
82 0.64 0.435 0.183 0.088
82 0.311 0.571 0.049 0.018
0 0.96 0.47 0.08 0.104
41 0.616 0.386 0.018 0.055
41 0.181 0.519 0.02 0.069
