39 0.223 0.389 0.032 0.048
56 0.196 0.685 0.202 0.139
56 0.682 0.89 0.208 0.22
56 0.866 0.821 0.241 0.324
56 0.82 0.685 0.156 0.31
82 0.483 0.78 0.948 0.414
43 0.354 0.257 0.023 0.03
43 0.373 0.251 0.018 0.024
43 0.377 0.271 0.025 0.019
44 0.624 0.322 0.021 0.041
45 0.494 0.687 0.174 0.104
46 0.488 0.634 0.104 0.104
71 0.279 0.474 0.189 0.102
71 0.838 0.437 0.246 0.047
72 0.458 0.51 0.137 0.201
43 0.361 0.26 0.026 0.037
43 0.371 0.269 0.023 0.025
43 0.384 0.254 0.01 0.014
69 0.116 0.618 0.226 0.384
56 0.948 0.697 0.087 0.096
56 0.4 0.617 0.12 0.111
