81 0.127 0.671 0.177 0.658
56 0.569 0.848 0.362 0.286
56 0.915 0.862 0.167 0.255
84 0.108 0.922 0.211 0.135
73 0.209 0.158 0.199 0.115
73 0.159 0.525 0.013 0.084
73 0.18 0.271 0.149 0.109
73 0.199 0.522 0.013 0.091
45 0.537 0.482 0.037 0.044
81 0.094 0.545 0.189 0.661
81 0.922 0.583 0.156 0.336
73 0.896 0.3 0.021 0.096
73 0.778 0.295 0.008 0.1
73 0.777 0.415 0.017 0.077
73 0.17 0.526 0.012 0.08
73 0.865 0.522 0.015 0.084
73 0.183 0.521 0.008 0.089
73 0.788 0.196 0.008 0.071
56 0.108 0.928 0.216 0.144
73 0.258 0.397 0.013 0.085
73 0.203 0.4 0.191 0.096
