0 0.253 0.832 0.061 0.154
0 0.907 0.825 0.055 0.228
0 0.872 0.798 0.017 0.07
0 0.6 0.855 0.029 0.067
0 0.69 0.803 0.045 0.141
0 0.417 0.81 0.008 0.038
0 0.54 0.79 0.01 0.039
0 0.372 0.843 0.054 0.094
13 0.298 0.871 0.107 0.063
0 0.179 0.875 0.03 0.072
13 0.115 0.902 0.133 0.079
33 0.355 0.366 0.058 0.054
33 0.647 0.53 0.019 0.012
33 0.566 0.512 0.018 0.019
33 0.433 0.616 0.033 0.035
33 0.63 0.459 0.024 0.022
33 0.702 0.601 0.066 0.082
33 0.58 0.403 0.018 0.022
33 0.942 0.592 0.109 0.081
33 0.482 0.521 0.103 0.036
33 0.492 0.626 0.073 0.026
33 0.833 0.316 0.024 0.043
24 0.987 0.92 0.027 0.041
33 0.438 0.476 0.023 0.016
0 0.75 0.894 0.052 0.164
33 0.705 0.353 0.022 0.013
0 0.649 0.846 0.042 0.094
0 0.957 0.843 0.044 0.198
0 0.197 0.825 0.011 0.04
0 0.396 0.846 0.77 0.15
33 0.527 0.609 0.944 0.777
