56 0.237 0.826 0.097 0.159
56 0.139 0.766 0.079 0.123
84 0.746 0.725 0.508 0.469
84 0.288 0.663 0.346 0.28
82 0.153 0.86 0.306 0.244
81 0.166 0.53 0.046 0.049
81 0.213 0.519 0.048 0.068
41 0.548 0.797 0.028 0.053
73 0.45 0.843 0.081 0.052
65 0.605 0.796 0.056 0.037
65 0.587 0.793 0.044 0.029
75 0.471 0.645 0.059 0.164
75 0.418 0.576 0.053 0.045
75 0.17 0.542 0.035 0.028
75 0.216 0.541 0.034 0.022
81 0.473 0.583 0.072 0.296
73 0.613 0.888 0.081 0.056
73 0.607 0.87 0.077 0.058
65 0.585 0.783 0.051 0.023
