39 0.642 0.566 0.031 0.088
39 0.439 0.662 0.058 0.241
39 0.407 0.572 0.028 0.111
56 0.694 0.932 0.288 0.136
82 0.502 0.731 0.75 0.506
0 0.746 0.445 0.078 0.157
0 0.564 0.381 0.194 0.283
0 0.391 0.486 0.145 0.217
25 0.654 0.212 0.389 0.229
25 0.374 0.43 0.329 0.243
25 0.892 0.307 0.216 0.191
56 0.479 0.32 0.062 0.055
41 0.633 0.5 0.029 0.042
41 0.501 0.736 0.037 0.093
42 0.318 0.865 0.029 0.103
42 0.759 0.653 0.012 0.06
42 0.657 0.753 0.115 0.048
43 0.368 0.845 0.008 0.088
43 0.746 0.651 0.018 0.076
43 0.336 0.677 0.068 0.046
44 0.526 0.522 0.044 0.046
44 0.55 0.613 0.041 0.038
44 0.76 0.654 0.012 0.058
44 0.381 0.624 0.013 0.057
45 0.481 0.7 0.076 0.078
45 0.623 0.647 0.13 0.094
45 0.482 0.623 0.145 0.096
45 0.637 0.559 0.088 0.084
41 0.455 0.768 0.043 0.097
41 0.328 0.696 0.038 0.086
41 0.503 0.561 0.028 0.034
41 0.673 0.591 0.023 0.063
43 0.561 0.507 0.048 0.019
56 0.784 0.496 0.018 0.056
0 0.88 0.751 0.24 0.427
43 0.372 0.838 0.024 0.098
39 0.716 0.62 0.042 0.139
41 0.606 0.504 0.023 0.041
45 0.549 0.547 0.066 0.067
0 0.144 0.546 0.289 0.908
