56 0.149 0.876 0.071 0.246
56 0.165 0.802 0.071 0.306
82 0.49 0.809 0.358 0.355
0 0.79 0.7 0.361 0.6
0 0.631 0.506 0.175 0.36
0 0.312 0.699 0.265 0.602
0 0.089 0.58 0.178 0.84
40 0.519 0.768 0.033 0.149
40 0.51 0.833 0.041 0.136
42 0.409 0.702 0.038 0.07
42 0.658 0.786 0.042 0.127
0 0.401 0.488 0.144 0.283
40 0.432 0.664 0.029 0.118
0 0.685 0.594 0.235 0.47
0 0.21 0.605 0.131 0.549
0 0.42 0.352 0.12 0.397
41 0.512 0.831 0.042 0.139
40 0.464 0.613 0.022 0.09
0 0.177 0.378 0.116 0.492
40 0.591 0.776 0.038 0.121
41 0.591 0.774 0.042 0.118
