39 0.104 0.489 0.031 0.135
39 0.529 0.891 0.053 0.218
56 0.134 0.847 0.194 0.286
56 0.795 0.765 0.134 0.327
56 0.92 0.849 0.159 0.271
56 0.527 0.578 0.167 0.206
75 0.508 0.803 0.068 0.159
39 0.081 0.472 0.022 0.095
39 0.071 0.732 0.05 0.059
39 0.049 0.449 0.015 0.029
39 0.027 0.452 0.017 0.082
39 0.103 0.735 0.046 0.063
39 0.015 0.433 0.011 0.065
39 0.024 0.813 0.048 0.063
40 0.083 0.644 0.032 0.139
40 0.053 0.638 0.027 0.083
40 0.032 0.641 0.023 0.075
40 0.069 0.62 0.018 0.063
40 0.064 0.62 0.127 0.103
56 0.222 0.75 0.12 0.318
82 0.498 0.774 0.681 0.451
