14 0.448 0.667 0.064 0.106
14 0.485 0.611 0.042 0.087
14 0.57 0.577 0.076 0.085
14 0.351 0.64 0.063 0.107
14 0.287 0.676 0.056 0.116
14 0.292 0.622 0.041 0.081
14 0.275 0.459 0.103 0.225
14 0.386 0.296 0.073 0.193
14 0.352 0.277 0.119 0.138
14 0.461 0.543 0.075 0.156
14 0.482 0.549 0.035 0.078
2 0.314 0.313 0.065 0.083
0 0.699 0.526 0.297 0.711
14 0.242 0.648 0.072 0.106
13 0.85 0.782 0.288 0.382
0 0.227 0.324 0.017 0.076
14 0.523 0.714 0.074 0.119
26 0.818 0.569 0.159 0.16
14 0.332 0.614 0.492 0.478
