83 0.761 0.124 0.158 0.244
63 0.177 0.68 0.355 0.617
64 0.896 0.329 0.034 0.047
66 0.761 0.306 0.214 0.102
73 0.372 0.367 0.198 0.111
73 0.267 0.114 0.024 0.157
73 0.225 0.117 0.015 0.133
73 0.081 0.061 0.16 0.112
73 0.1 0.215 0.153 0.187
73 0.38 0.322 0.173 0.049
73 0.183 0.123 0.026 0.124
56 0.122 0.462 0.245 0.442
56 0.805 0.738 0.391 0.499
73 0.388 0.285 0.169 0.058
73 0.469 0.867 0.324 0.257
73 0.309 0.121 0.033 0.147
73 0.259 0.335 0.026 0.128
73 0.219 0.119 0.014 0.133
73 0.288 0.117 0.022 0.142
73 0.252 0.223 0.175 0.44
