39 0.031 0.375 0.053 0.11
39 0.085 0.401 0.035 0.046
56 0.366 0.925 0.685 0.15
56 0.742 0.922 0.516 0.133
56 0.932 0.291 0.135 0.179
0 0.62 0.679 0.76 0.639
0 0.26 0.262 0.322 0.249
0 0.501 0.284 0.268 0.282
41 0.264 0.421 0.081 0.061
44 0.209 0.363 0.011 0.024
44 0.2 0.368 0.013 0.039
41 0.369 0.425 0.063 0.073
41 0.191 0.409 0.073 0.071
81 0.191 0.18 0.11 0.125
0 0.517 0.44 0.372 0.363
39 0.06 0.395 0.02 0.051
45 0.651 0.456 0.065 0.048
56 0.127 0.761 0.247 0.234
56 0.389 0.258 0.045 0.053
82 0.177 0.54 0.348 0.078
81 0.413 0.11 0.129 0.078
81 0.035 0.239 0.07 0.142
