32 0.364 0.107 0.023 0.016
38 0.424 0.139 0.037 0.146
0 0.548 0.473 0.262 0.558
0 0.163 0.182 0.132 0.151
0 0.479 0.117 0.086 0.145
0 0.737 0.086 0.087 0.172
0 0.861 0.243 0.089 0.077
0 0.759 0.229 0.106 0.097
0 0.65 0.219 0.104 0.108
0 0.553 0.192 0.1 0.129
0 0.461 0.182 0.113 0.138
0 0.351 0.187 0.109 0.161
0 0.045 0.176 0.091 0.125
56 0.953 0.264 0.094 0.036
56 0.957 0.227 0.085 0.071
56 0.947 0.147 0.093 0.046
56 0.749 0.155 0.093 0.064
56 0.827 0.146 0.054 0.042
56 0.649 0.146 0.092 0.055
56 0.548 0.258 0.092 0.026
56 0.449 0.258 0.096 0.028
56 0.348 0.255 0.096 0.027
56 0.653 0.216 0.093 0.052
56 0.046 0.247 0.091 0.032
56 0.146 0.249 0.095 0.034
0 0.56 0.125 0.095 0.162
56 0.246 0.254 0.096 0.026
0 0.248 0.19 0.103 0.155
0 0.565 0.134 0.723 0.269
