39 0.835 0.898 0.04 0.204
39 0.981 0.814 0.032 0.17
84 0.536 0.769 0.331 0.381
0 0.25 0.592 0.413 0.816
0 0.733 0.67 0.193 0.398
65 0.318 0.398 0.082 0.039
65 0.743 0.633 0.013 0.057
40 0.903 0.792 0.028 0.104
40 0.955 0.811 0.03 0.082
41 0.859 0.925 0.013 0.091
73 0.889 0.367 0.014 0.066
73 0.88 0.47 0.015 0.087
73 0.885 0.591 0.029 0.069
73 0.871 0.675 0.035 0.078
73 0.822 0.464 0.02 0.079
73 0.877 0.593 0.03 0.07
73 0.936 0.937 0.105 0.054
73 0.91 0.865 0.069 0.019
73 0.812 0.571 0.046 0.024
73 0.89 0.472 0.01 0.084
73 0.884 0.685 0.058 0.102
73 0.894 0.595 0.026 0.067
65 0.782 0.672 0.034 0.053
65 0.921 0.819 0.062 0.052
65 0.779 0.854 0.036 0.024
65 0.811 0.851 0.036 0.027
73 0.811 0.656 0.023 0.067
73 0.873 0.58 0.25 0.815
