32 0.866 0.538 0.01 0.015
32 0.45 0.551 0.01 0.014
32 0.277 0.555 0.009 0.013
32 0.162 0.559 0.01 0.016
32 0.111 0.559 0.01 0.015
32 0.947 0.431 0.01 0.013
32 0.918 0.444 0.005 0.008
32 0.631 0.412 0.01 0.018
2 0.878 0.37 0.245 0.149
2 0.103 0.384 0.15 0.153
2 0.268 0.387 0.184 0.136
0 0.491 0.578 0.218 0.657
38 0.35 0.329 0.081 0.195
2 0.67 0.386 0.222 0.208
32 0.455 0.548 0.009 0.013
32 0.941 0.45 0.009 0.01
32 0.941 0.421 0.009 0.014
32 0.932 0.446 0.008 0.012
38 0.699 0.469 0.027 0.089
32 0.943 0.438 0.016 0.015
0 0.656 0.4 0.07 0.325
2 0.434 0.377 0.102 0.101
32 0.53 0.489 0.855 0.175
