0 0.82 0.246 0.112 0.148
0 0.72 0.236 0.083 0.181
0 0.599 0.207 0.05 0.117
0 0.283 0.197 0.072 0.145
0 0.925 0.189 0.07 0.092
27 0.909 0.216 0.024 0.05
54 0.163 0.566 0.071 0.064
54 0.207 0.581 0.079 0.069
54 0.106 0.617 0.03 0.049
54 0.126 0.651 0.065 0.072
54 0.243 0.51 0.073 0.059
54 0.277 0.528 0.066 0.054
54 0.321 0.499 0.066 0.04
54 0.358 0.516 0.067 0.044
54 0.384 0.503 0.062 0.047
54 0.434 0.519 0.061 0.041
54 0.455 0.504 0.054 0.036
54 0.493 0.517 0.054 0.039
0 0.65 0.224 0.024 0.038
54 0.549 0.521 0.053 0.03
54 0.595 0.419 0.79 0.117
