82 0.516 0.643 0.645 0.714
42 0.707 0.871 0.07 0.102
42 0.328 0.973 0.022 0.055
42 0.407 0.537 0.04 0.042
43 0.323 0.825 0.116 0.014
43 0.738 0.893 0.084 0.108
44 0.708 0.834 0.089 0.041
44 0.405 0.537 0.036 0.043
45 0.574 0.908 0.152 0.185
45 0.463 0.633 0.119 0.126
45 0.499 0.392 0.076 0.051
45 0.755 0.977 0.124 0.046
45 0.519 0.478 0.065 0.06
45 0.519 0.535 0.087 0.056
0 0.512 0.228 0.099 0.155
0 0.102 0.69 0.2 0.591
0 0.191 0.659 0.17 0.605
0 0.881 0.656 0.239 0.688
0 0.772 0.62 0.125 0.373
0 0.666 0.456 0.096 0.266
0 0.332 0.437 0.077 0.247
0 0.379 0.296 0.069 0.224
0 0.656 0.309 0.125 0.319
0 0.608 0.289 0.058 0.216
0 0.396 0.396 0.079 0.22
0 0.396 0.176 0.085 0.203
40 0.634 0.692 0.051 0.175
41 0.4 0.809 0.06 0.13
41 0.663 0.778 0.057 0.127
41 0.394 0.724 0.054 0.062
41 0.587 0.562 0.036 0.047
41 0.47 0.459 0.027 0.055
41 0.458 0.537 0.037 0.064
41 0.558 0.435 0.023 0.055
41 0.548 0.408 0.022 0.05
41 0.579 0.618 0.04 0.092
41 0.465 0.413 0.024 0.044
51 0.442 0.625 0.015 0.022
51 0.486 0.6 0.008 0.011
75 0.811 0.243 0.017 0.07
40 0.473 0.874 0.055 0.232
40 0.537 0.356 0.04 0.138
40 0.415 0.65 0.041 0.159
41 0.487 0.354 0.02 0.026
43 0.357 0.599 0.026 0.009
43 0.624 0.527 0.063 0.02
56 0.724 0.37 0.028 0.137
0 0.292 0.477 0.147 0.472
44 0.555 0.68 0.027 0.073
51 0.455 0.593 0.024 0.016
40 0.445 0.839 0.042 0.163
40 0.47 0.459 0.026 0.048
41 0.414 0.939 0.071 0.122
0 0.638 0.343 0.45 0.573
