77 0.326 0.752 0.083 0.198
77 0.701 0.501 0.032 0.069
77 0.676 0.563 0.056 0.057
77 0.807 0.556 0.042 0.074
0 0.215 0.76 0.31 0.459
0 0.379 0.722 0.174 0.519
0 0.047 0.503 0.089 0.208
0 0.49 0.523 0.093 0.404
0 0.545 0.527 0.055 0.26
0 0.716 0.532 0.052 0.264
0 0.67 0.605 0.043 0.195
0 0.107 0.607 0.105 0.285
0 0.409 0.584 0.114 0.431
0 0.624 0.495 0.076 0.377
25 0.655 0.364 0.153 0.059
77 0.58 0.518 0.02 0.058
77 0.401 0.761 0.106 0.199
0 0.57 0.468 0.041 0.23
0 0.947 0.474 0.095 0.269
56 0.138 0.46 0.019 0.085
56 0.027 0.545 0.054 0.147
56 0.342 0.493 0.014 0.09
0 0.837 0.516 0.04 0.144
0 0.495 0.491 0.988 0.364
