83 0.056 0.107 0.107 0.214
56 0.244 0.46 0.079 0.151
56 0.314 0.403 0.09 0.11
56 0.183 0.409 0.057 0.067
56 0.361 0.388 0.029 0.02
82 0.846 0.941 0.308 0.113
82 0.337 0.491 0.108 0.214
82 0.136 0.475 0.21 0.077
82 0.362 0.519 0.128 0.2
0 0.466 0.411 0.164 0.595
0 0.585 0.468 0.183 0.574
0 0.703 0.424 0.15 0.708
0 0.825 0.541 0.18 0.794
53 0.311 0.892 0.218 0.168
53 0.294 0.944 0.068 0.072
53 0.134 0.743 0.269 0.248
73 0.244 0.111 0.018 0.047
73 0.295 0.161 0.005 0.042
73 0.327 0.158 0.024 0.048
73 0.275 0.162 0.007 0.043
73 0.301 0.16 0.007 0.043
53 0.484 0.958 0.149 0.084
53 0.021 0.492 0.033 0.027
43 0.672 0.876 0.071 0.093
82 0.138 0.414 0.268 0.101
82 0.947 0.704 0.107 0.431
73 0.306 0.163 0.006 0.046
73 0.322 0.095 0.006 0.046
73 0.948 0.397 0.038 0.098
73 0.25 0.225 0.026 0.059
73 0.313 0.16 0.007 0.047
73 0.247 0.164 0.026 0.043
73 0.978 0.403 0.038 0.103
53 0.595 0.986 0.114 0.028
56 0.309 0.448 0.033 0.102
73 0.924 0.397 0.03 0.099
73 0.601 0.393 0.764 0.663
