56 0.775 0.708 0.098 0.218
38 0.696 0.565 0.086 0.077
0 0.683 0.283 0.09 0.213
0 0.465 0.238 0.083 0.233
0 0.015 0.318 0.03 0.157
56 0.656 0.706 0.099 0.222
56 0.331 0.522 0.13 0.466
0 0.226 0.104 0.064 0.195
0 0.654 0.025 0.071 0.05
0 0.067 0.639 0.1 0.429
0 0.176 0.028 0.054 0.057
0 0.594 0.045 0.044 0.09
0 0.3 0.117 0.083 0.231
25 0.318 0.072 0.144 0.077
56 0.32 0.369 0.046 0.028
56 0.018 0.714 0.035 0.219
0 0.946 0.091 0.056 0.183
0 0.105 0.275 0.087 0.239
0 0.876 0.095 0.075 0.19
0 0.508 0.508 0.491 0.735
