24 0.247 0.593 0.017 0.047
26 0.779 0.624 0.046 0.146
28 0.102 0.953 0.065 0.092
28 0.697 0.777 0.047 0.077
28 0.843 0.728 0.047 0.126
0 0.066 0.749 0.131 0.47
0 0.183 0.678 0.082 0.277
0 0.215 0.647 0.038 0.191
0 0.389 0.64 0.065 0.216
0 0.798 0.655 0.073 0.238
0 0.333 0.58 0.017 0.059
0 0.909 0.607 0.045 0.126
0 0.975 0.625 0.039 0.154
0 0.279 0.609 0.026 0.107
26 0.178 0.648 0.063 0.146
26 0.662 0.632 0.016 0.062
27 0.364 0.585 0.004 0.019
0 0.679 0.678 0.058 0.246
0 0.734 0.598 0.031 0.091
27 0.97 0.596 0.011 0.039
28 0.7 0.718 0.066 0.05
0 0.753 0.593 0.019 0.096
0 0.251 0.612 0.021 0.103
74 0.315 0.751 0.01 0.012
74 0.302 0.751 0.011 0.015
74 0.329 0.754 0.022 0.053
0 0.472 0.402 0.941 0.787
