82 0.448 0.814 0.649 0.373
0 0.847 0.531 0.303 0.912
0 0.121 0.655 0.2 0.685
65 0.775 0.479 0.071 0.052
65 0.079 0.711 0.066 0.032
56 0.233 0.582 0.09 0.221
56 0.292 0.584 0.134 0.227
56 0.539 0.534 0.094 0.121
56 0.428 0.903 0.225 0.171
56 0.519 0.938 0.178 0.123
65 0.426 0.734 0.07 0.029
73 0.392 0.338 0.017 0.071
73 0.377 0.238 0.153 0.079
73 0.342 0.342 0.004 0.064
0 0.713 0.518 0.131 0.205
56 0.882 0.9 0.072 0.2
56 0.986 0.518 0.028 0.096
73 0.445 0.34 0.007 0.064
73 0.319 0.14 0.008 0.07
73 0.385 0.131 0.136 0.086
73 0.4 0.342 0.01 0.066
73 0.388 0.435 0.006 0.05
73 0.441 0.422 0.028 0.036
73 0.938 0.086 0.008 0.078
73 0.92 0.207 0.006 0.083
73 0.302 0.143 0.01 0.07
73 0.339 0.343 0.004 0.064
56 0.511 0.731 0.209 0.305
56 0.638 0.533 0.075 0.12
56 0.358 0.647 0.114 0.086
56 0.376 0.606 0.059 0.031
