27 0.211 0.776 0.015 0.052
27 0.668 0.219 0.013 0.047
27 0.826 0.228 0.015 0.046
27 0.378 0.217 0.012 0.032
0 0.205 0.813 0.128 0.371
0 0.352 0.809 0.144 0.357
0 0.474 0.788 0.132 0.335
0 0.588 0.794 0.145 0.315
0 0.719 0.787 0.126 0.315
0 0.837 0.804 0.125 0.327
0 0.829 0.575 0.081 0.306
0 0.73 0.63 0.133 0.388
0 0.684 0.547 0.077 0.239
0 0.173 0.286 0.106 0.354
0 0.247 0.388 0.093 0.246
0 0.905 0.679 0.085 0.468
27 0.355 0.778 0.011 0.044
27 0.48 0.755 0.023 0.051
27 0.591 0.77 0.012 0.026
27 0.468 0.21 0.012 0.041
27 0.573 0.179 0.025 0.044
0 0.61 0.572 0.083 0.362
0 0.499 0.495 0.998 0.871
