39 0.65 0.902 0.025 0.1
5 0.953 0.404 0.077 0.063
25 0.565 0.399 0.072 0.034
25 0.661 0.371 0.12 0.05
25 0.165 0.432 0.28 0.241
25 0.362 0.373 0.146 0.054
0 0.399 0.489 0.085 0.19
0 0.392 0.653 0.104 0.235
0 0.495 0.541 0.073 0.31
0 0.152 0.524 0.062 0.089
0 0.301 0.475 0.062 0.122
0 0.641 0.539 0.066 0.223
0 0.27 0.463 0.025 0.095
0 0.651 0.782 0.154 0.275
0 0.965 0.452 0.033 0.051
0 0.553 0.49 0.041 0.154
0 0.837 0.757 0.207 0.278
0 0.799 0.667 0.094 0.144
0 0.772 0.629 0.058 0.089
26 0.5 0.46 0.028 0.044
45 0.194 0.662 0.082 0.054
45 0.299 0.618 0.045 0.041
45 0.735 0.681 0.026 0.032
0 0.516 0.598 0.881 0.421
