39 0.165 0.502 0.302 0.974
0 0.531 0.516 0.444 0.469
0 0.849 0.474 0.108 0.203
0 0.937 0.483 0.125 0.297
0 0.807 0.364 0.022 0.054
0 0.036 0.48 0.073 0.435
41 0.816 0.764 0.116 0.23
55 0.49 0.788 0.295 0.245
0 0.459 0.349 0.022 0.09
0 0.292 0.343 0.169 0.681
56 0.956 0.722 0.089 0.222
56 0.873 0.603 0.098 0.076
82 0.769 0.577 0.123 0.143
82 0.501 0.843 0.998 0.292
82 0.521 0.837 0.462 0.317
0 0.423 0.37 0.033 0.037
0 0.82 0.409 0.055 0.075
43 0.433 0.652 0.037 0.123
56 0.911 0.432 0.047 0.06
77 0.623 0.267 0.326 0.533
0 0.77 0.334 0.052 0.139
