16 0.512 0.718 0.094 0.254
0 0.39 0.391 0.232 0.774
43 0.028 0.049 0.013 0.098
41 0.266 0.318 0.035 0.04
41 0.58 0.185 0.029 0.038
42 0.076 0.059 0.015 0.116
44 0.117 0.06 0.02 0.12
44 0.132 0.182 0.007 0.061
41 0.528 0.161 0.022 0.039
41 0.529 0.208 0.023 0.039
41 0.535 0.244 0.025 0.04
41 0.568 0.145 0.025 0.048
41 0.554 0.236 0.016 0.042
41 0.573 0.233 0.026 0.036
41 0.558 0.193 0.023 0.035
71 0.349 0.336 0.08 0.045
44 0.087 0.174 0.018 0.064
41 0.564 0.367 0.019 0.026
41 0.533 0.331 0.017 0.023
41 0.547 0.154 0.019 0.04
41 0.54 0.357 0.015 0.025
