2 0.416 0.767 0.095 0.161
2 0.465 0.486 0.044 0.06
2 0.791 0.501 0.074 0.072
2 0.919 0.763 0.162 0.254
2 0.523 0.374 0.025 0.028
2 0.894 0.579 0.117 0.123
2 0.561 0.346 0.01 0.017
2 0.744 0.459 0.049 0.065
2 0.938 0.436 0.044 0.075
2 0.666 0.431 0.037 0.044
9 0.258 0.53 0.017 0.025
2 0.486 0.426 0.027 0.038
80 0.65 0.408 0.011 0.023
5 0.595 0.322 0.029 0.04
5 0.566 0.314 0.033 0.034
7 0.695 0.38 0.037 0.068
0 0.847 0.422 0.007 0.045
0 0.902 0.564 0.021 0.025
2 0.504 0.394 0.022 0.034
80 0.65 0.365 0.009 0.022
80 0.638 0.381 0.011 0.021
7 0.597 0.596 0.117 0.175
7 0.798 0.606 0.121 0.133
7 0.071 0.621 0.141 0.126
0 0.65 0.392 0.013 0.018
2 0.541 0.362 0.019 0.021
2 0.5 0.568 0.997 0.575
