25 0.641 0.35 0.4 0.181
26 0.348 0.743 0.056 0.191
26 0.185 0.574 0.058 0.205
26 0.663 0.782 0.129 0.2
26 0.044 0.375 0.042 0.112
26 0.096 0.343 0.037 0.071
0 0.27 0.602 0.206 0.751
0 0.094 0.385 0.057 0.228
0 0.167 0.416 0.057 0.304
0 0.195 0.366 0.047 0.176
0 0.369 0.411 0.032 0.346
0 0.672 0.697 0.222 0.584
0 0.138 0.377 0.035 0.161
0 0.009 0.318 0.017 0.039
13 0.828 0.883 0.344 0.211
0 0.927 0.585 0.145 0.583
0 0.011 0.564 0.022 0.256
0 0.043 0.422 0.069 0.325
26 0.02 0.778 0.04 0.202
0 0.353 0.439 0.039 0.183
0 0.017 0.378 0.035 0.199
25 0.926 0.347 0.149 0.115
26 0.131 0.355 0.031 0.063
