56 0.485 0.372 0.047 0.084
56 0.293 0.373 0.04 0.084
82 0.453 0.584 0.47 0.364
0 0.301 0.247 0.092 0.253
0 0.391 0.273 0.153 0.278
0 0.573 0.29 0.167 0.308
0 0.695 0.359 0.152 0.387
0 0.684 0.62 0.435 0.76
0 0.924 0.144 0.086 0.154
41 0.522 0.625 0.035 0.079
41 0.617 0.341 0.025 0.057
44 0.533 0.676 0.077 0.036
44 0.624 0.609 0.038 0.064
45 0.477 0.667 0.057 0.07
45 0.647 0.54 0.049 0.049
45 0.268 0.646 0.06 0.041
24 0.874 0.759 0.185 0.482
0 0.086 0.298 0.124 0.373
26 0.114 0.782 0.225 0.298
26 0.917 0.761 0.104 0.478
26 0.905 0.491 0.078 0.091
41 0.415 0.621 0.028 0.086
41 0.222 0.621 0.035 0.081
41 0.553 0.522 0.027 0.067
44 0.606 0.483 0.052 0.021
45 0.524 0.442 0.036 0.035
82 0.43 0.234 0.037 0.063
0 0.946 0.342 0.107 0.315
0 0.879 0.502 0.158 0.578
26 0.968 0.664 0.064 0.171
26 0.297 0.373 0.027 0.043
44 0.346 0.444 0.039 0.019
45 0.591 0.64 0.054 0.056
45 0.398 0.409 0.034 0.036
45 0.445 0.489 0.175 0.1
0 0.188 0.291 0.177 0.262
0 0.125 0.193 0.054 0.09
0 0.17 0.193 0.054 0.09
44 0.623 0.562 0.104 0.028
82 0.025 0.301 0.05 0.13
0 0.246 0.663 0.491 0.674
44 0.526 0.491 0.053 0.02
26 0.552 0.305 0.025 0.063
45 0.321 0.44 0.034 0.038
45 0.3 0.462 0.016 0.038
0 0.499 0.22 0.998 0.35
