83 0.444 0.609 0.204 0.22
41 0.688 0.822 0.062 0.087
63 0.127 0.743 0.255 0.292
66 0.444 0.881 0.266 0.082
66 0.459 0.817 0.241 0.065
73 0.917 0.696 0.07 0.065
73 0.919 0.827 0.088 0.052
66 0.118 0.806 0.166 0.085
83 0.667 0.625 0.214 0.26
83 0.365 0.232 0.135 0.185
73 0.272 0.486 0.021 0.142
73 0.212 0.475 0.019 0.117
73 0.239 0.48 0.023 0.125
73 0.807 0.872 0.064 0.043
73 0.225 0.478 0.017 0.112
73 0.261 0.476 0.022 0.144
73 0.3 0.678 0.011 0.072
73 0.286 0.677 0.01 0.062
73 0.942 0.812 0.104 0.053
73 0.251 0.661 0.053 0.114
73 0.891 0.976 0.115 0.048
64 0.764 0.801 0.05 0.06
73 0.595 0.78 0.808 0.435
