36 0.543 0.492 0.143 0.094
36 0.275 0.792 0.045 0.111
0 0.114 0.48 0.135 0.226
0 0.173 0.568 0.175 0.311
0 0.553 0.721 0.043 0.097
0 0.511 0.729 0.041 0.08
0 0.487 0.727 0.023 0.078
0 0.719 0.738 0.034 0.092
0 0.63 0.405 0.27 0.175
0 0.687 0.706 0.035 0.061
0 0.065 0.45 0.123 0.358
36 0.092 0.735 0.18 0.296
36 0.242 0.788 0.041 0.145
36 0.329 0.758 0.047 0.164
0 0.459 0.722 0.04 0.094
0 0.136 0.457 0.106 0.091
0 0.024 0.261 0.045 0.05
36 0.44 0.729 0.018 0.071
36 0.518 0.746 0.019 0.039
36 0.723 0.776 0.02 0.01
0 0.14 0.344 0.163 0.145
0 0.346 0.742 0.688 0.513
