2 0.57 0.834 0.158 0.129
2 0.743 0.844 0.147 0.129
2 0.657 0.828 0.09 0.124
2 0.237 0.918 0.358 0.164
2 0.089 0.897 0.176 0.203
2 0.434 0.83 0.069 0.085
2 0.033 0.795 0.058 0.04
85 0.966 0.04 0.043 0.027
0 0.951 0.815 0.015 0.054
0 0.925 0.838 0.027 0.09
0 0.873 0.824 0.034 0.062
0 0.969 0.831 0.022 0.096
0 0.827 0.807 0.015 0.039
0 0.818 0.811 0.014 0.034
0 0.478 0.826 0.026 0.09
0 0.193 0.803 0.02 0.063
9 0.076 0.721 0.008 0.024
0 0.725 0.762 0.008 0.015
0 0.864 0.803 0.016 0.033
0 0.897 0.805 0.029 0.044
9 0.029 0.703 0.012 0.017
56 0.967 0.849 0.02 0.057
56 0.943 0.851 0.014 0.06
56 0.882 0.855 0.044 0.06
56 0.833 0.846 0.03 0.055
82 0.906 0.829 0.028 0.008
2 0.248 0.812 0.063 0.05
2 0.378 0.81 0.104 0.106
2 0.308 0.801 0.062 0.074
9 0.067 0.754 0.005 0.026
9 0.087 0.743 0.01 0.017
0 0.915 0.808 0.015 0.037
2 0.099 0.792 0.065 0.028
82 0.991 0.836 0.018 0.038
0 0.382 0.814 0.035 0.106
0 0.209 0.8 0.02 0.062
