39 0.201 0.568 0.071 0.135
39 0.236 0.549 0.092 0.116
39 0.245 0.518 0.061 0.087
39 0.265 0.481 0.03 0.067
39 0.276 0.454 0.027 0.05
39 0.249 0.492 0.057 0.062
39 0.282 0.44 0.017 0.03
0 0.745 0.447 0.505 0.692
0 0.575 0.399 0.271 0.442
0 0.186 0.692 0.293 0.597
0 0.391 0.282 0.208 0.123
39 0.26 0.482 0.037 0.074
40 0.146 0.375 0.047 0.068
41 0.589 0.377 0.031 0.034
0 0.788 0.317 0.322 0.607
26 0.817 0.514 0.063 0.106
40 0.454 0.273 0.023 0.012
41 0.247 0.602 0.053 0.067
0 0.53 0.613 0.554 0.747
