2 0.758 0.196 0.046 0.057
0 0.052 0.277 0.08 0.15
0 0.574 0.165 0.015 0.043
0 0.368 0.189 0.044 0.078
0 0.486 0.194 0.035 0.077
0 0.463 0.198 0.025 0.067
0 0.418 0.199 0.031 0.067
0 0.429 0.179 0.015 0.042
0 0.6 0.172 0.014 0.031
0 0.397 0.193 0.023 0.067
1 0.18 0.318 0.077 0.104
80 0.71 0.261 0.213 0.068
7 0.961 0.132 0.077 0.115
9 0.85 0.076 0.009 0.014
9 0.811 0.096 0.008 0.008
9 0.73 0.12 0.012 0.009
10 0.423 0.249 0.027 0.052
0 0.728 0.147 0.013 0.028
1 0.747 0.389 0.078 0.061
2 0.863 0.195 0.156 0.136
80 0.62 0.384 0.444 0.169
80 0.806 0.379 0.15 0.11
80 0.772 0.318 0.155 0.079
80 0.842 0.323 0.043 0.06
80 0.722 0.244 0.136 0.02
80 0.763 0.241 0.194 0.083
0 0.1 0.176 0.043 0.031
80 0.547 0.466 0.641 0.297
0 0.551 0.174 0.02 0.06
0 0.633 0.144 0.013 0.015
80 0.48 0.751 0.959 0.46
80 0.73 0.282 0.219 0.051
80 0.544 0.353 0.135 0.041
80 0.662 0.243 0.08 0.04
0 0.716 0.155 0.152 0.056
80 0.579 0.459 0.692 0.631
