39 0.439 0.456 0.014 0.06
74 0.393 0.035 0.056 0.07
39 0.454 0.37 0.008 0.027
39 0.441 0.373 0.007 0.03
39 0.461 0.341 0.009 0.023
39 0.433 0.354 0.009 0.058
39 0.48 0.412 0.012 0.035
39 0.469 0.342 0.01 0.038
39 0.465 0.477 0.008 0.044
56 0.672 0.673 0.142 0.389
56 0.43 0.796 0.198 0.408
56 0.203 0.755 0.138 0.294
56 0.927 0.558 0.135 0.313
82 0.441 0.534 0.369 0.153
82 0.858 0.409 0.042 0.051
41 0.374 0.418 0.026 0.038
41 0.401 0.392 0.024 0.033
41 0.401 0.424 0.027 0.03
82 0.057 0.485 0.107 0.185
82 0.79 0.289 0.136 0.044
0 0.938 0.466 0.125 0.399
0 0.858 0.426 0.108 0.379
0 0.646 0.561 0.206 0.547
0 0.626 0.376 0.098 0.204
0 0.567 0.326 0.129 0.201
0 0.478 0.287 0.089 0.142
0 0.376 0.318 0.075 0.172
0 0.336 0.341 0.057 0.168
0 0.269 0.43 0.094 0.294
0 0.684 0.241 0.079 0.155
0 0.224 0.598 0.249 0.664
0 0.092 0.427 0.09 0.341
41 0.506 0.354 0.014 0.042
41 0.016 0.388 0.012 0.031
56 0.387 0.275 0.039 0.075
56 0.296 0.259 0.041 0.035
56 0.823 0.476 0.062 0.265
56 0.193 0.297 0.052 0.097
56 0.767 0.359 0.05 0.155
39 0.457 0.435 0.017 0.072
82 0.46 0.365 0.17 0.075
82 0.331 0.277 0.212 0.038
82 0.799 0.374 0.057 0.127
0 0.376 0.174 0.045 0.051
27 0.67 0.447 0.02 0.066
41 0.026 0.384 0.014 0.029
41 0.336 0.225 0.012 0.017
56 0.253 0.304 0.044 0.123
56 0.122 0.282 0.04 0.058
56 0.44 0.295 0.039 0.122
56 0.749 0.329 0.036 0.126
67 0.665 0.201 0.007 0.021
56 0.53 0.273 0.061 0.061
