39 0.692 0.599 0.039 0.186
39 0.646 0.853 0.104 0.291
0 0.616 0.524 0.153 0.427
0 0.329 0.474 0.084 0.237
40 0.512 0.808 0.087 0.218
53 0.333 0.873 0.102 0.117
53 0.466 0.598 0.271 0.064
0 0.463 0.463 0.119 0.176
0 0.132 0.502 0.264 0.996
40 0.514 0.928 0.127 0.145
41 0.452 0.554 0.012 0.027
41 0.64 0.901 0.115 0.199
53 0.409 0.458 0.042 0.034
83 0.281 0.149 0.083 0.099
0 0.81 0.559 0.333 0.732
0 0.282 0.569 0.26 0.526
0 0.523 0.479 0.101 0.187
41 0.518 0.91 0.122 0.143
43 0.375 0.93 0.148 0.134
43 0.583 0.787 0.07 0.02
43 0.36 0.709 0.02 0.008
53 0.368 0.513 0.053 0.034
39 0.469 0.689 0.034 0.076
