16 0.494 0.723 0.078 0.135
18 0.378 0.698 0.249 0.317
18 0.156 0.69 0.164 0.3
18 0.213 0.678 0.194 0.328
18 0.454 0.717 0.105 0.265
0 0.2 0.372 0.147 0.386
0 0.38 0.338 0.058 0.148
0 0.72 0.309 0.098 0.178
0 0.835 0.355 0.075 0.171
0 0.298 0.295 0.064 0.156
0 0.466 0.307 0.082 0.142
0 0.545 0.314 0.09 0.218
0 0.634 0.298 0.077 0.152
26 0.292 0.327 0.038 0.121
0 0.785 0.486 0.078 0.296
0 0.241 0.266 0.055 0.121
0 0.053 0.323 0.105 0.163
0 0.044 0.504 0.081 0.318
13 0.67 0.615 0.327 0.104
0 0.072 0.274 0.071 0.142
13 0.83 0.527 0.048 0.026
18 0.417 0.574 0.042 0.051
0 0.5 0.444 0.997 0.562
