30 0.603 0.862 0.124 0.048
0 0.456 0.794 0.122 0.389
0 0.552 0.751 0.048 0.166
0 0.69 0.616 0.02 0.152
0 0.193 0.555 0.005 0.029
0 0.838 0.561 0.013 0.088
0 0.879 0.752 0.052 0.297
0 0.371 0.631 0.021 0.137
0 0.331 0.668 0.04 0.238
0 0.606 0.792 0.058 0.18
0 0.984 0.681 0.032 0.108
0 0.813 0.635 0.019 0.146
0 0.995 0.874 0.01 0.252
30 0.528 0.817 0.043 0.024
30 0.686 0.688 0.056 0.022
0 0.553 0.62 0.021 0.099
30 0.841 0.912 0.056 0.041
30 0.609 0.79 0.07 0.02
30 0.334 0.781 0.059 0.055
30 0.965 0.752 0.029 0.023
30 0.838 0.598 0.036 0.023
0 0.524 0.593 0.783 0.238
