81 0.902 0.425 0.052 0.086
56 0.517 0.822 0.166 0.333
56 0.763 0.815 0.187 0.312
56 0.926 0.81 0.148 0.33
82 0.684 0.727 0.628 0.381
72 0.077 0.61 0.11 0.753
45 0.661 0.563 0.051 0.058
46 0.558 0.543 0.032 0.024
47 0.571 0.541 0.013 0.016
68 0.783 0.466 0.089 0.053
71 0.574 0.49 0.106 0.019
75 0.488 0.544 0.036 0.071
41 0.755 0.552 0.035 0.071
41 0.688 0.359 0.012 0.027
41 0.752 0.364 0.012 0.024
45 0.565 0.561 0.073 0.061
45 0.771 0.245 0.038 0.032
45 0.812 0.248 0.038 0.024
45 0.767 0.296 0.031 0.019
45 0.804 0.301 0.038 0.028
47 0.549 0.546 0.017 0.014
47 0.586 0.55 0.018 0.014
41 0.675 0.358 0.013 0.034
45 0.697 0.186 0.056 0.02
45 0.448 0.181 0.032 0.013
45 0.779 0.193 0.058 0.018
45 0.396 0.18 0.028 0.013
69 0.66 0.556 0.153 0.047
69 0.694 0.524 0.088 0.036
