0 0.437 0.854 0.187 0.27
0 0.132 0.925 0.096 0.127
0 0.613 0.882 0.142 0.236
0 0.247 0.928 0.154 0.143
0 0.184 0.373 0.067 0.155
20 0.287 0.659 0.332 0.212
20 0.983 0.361 0.034 0.078
20 0.319 0.479 0.231 0.166
20 0.531 0.593 0.273 0.184
20 0.639 0.531 0.247 0.158
20 0.799 0.724 0.298 0.248
20 0.546 0.75 0.247 0.198
20 0.736 0.896 0.162 0.164
20 0.155 0.83 0.307 0.16
20 0.73 0.143 0.078 0.094
20 0.758 0.344 0.181 0.113
20 0.629 0.156 0.05 0.048
0 0.906 0.917 0.138 0.165
0 0.778 0.977 0.056 0.045
20 0.582 0.254 0.113 0.118
20 0.5 0.499 0.997 0.998
