17 0.732 0.77 0.043 0.143
17 0.819 0.763 0.121 0.311
0 0.208 0.628 0.026 0.126
0 0.419 0.607 0.033 0.118
0 0.922 0.679 0.11 0.244
0 0.964 0.599 0.038 0.094
0 0.683 0.602 0.037 0.09
0 0.066 0.648 0.036 0.152
0 0.27 0.558 0.016 0.039
0 0.66 0.579 0.024 0.053
0 0.645 0.561 0.017 0.064
0 0.758 0.544 0.011 0.04
2 0.922 0.529 0.033 0.026
25 0.034 0.536 0.068 0.039
25 0.089 0.558 0.122 0.082
25 0.7 0.514 0.071 0.023
25 0.33 0.547 0.042 0.019
25 0.186 0.545 0.071 0.032
25 0.758 0.505 0.056 0.017
26 0.715 0.594 0.009 0.03
26 0.203 0.608 0.026 0.043
0 0.221 0.604 0.015 0.079
1 0.526 0.618 0.053 0.064
2 0.956 0.525 0.012 0.022
0 0.711 0.606 0.034 0.11
0 0.503 0.599 0.991 0.169
