32 0.554 0.143 0.024 0.017
38 0.234 0.549 0.051 0.097
0 0.408 0.749 0.397 0.479
0 0.09 0.686 0.066 0.049
0 0.731 0.738 0.177 0.16
0 0.855 0.743 0.116 0.159
26 0.081 0.815 0.107 0.054
0 0.691 0.592 0.054 0.049
0 0.203 0.758 0.158 0.176
0 0.175 0.54 0.106 0.078
0 0.633 0.465 0.055 0.048
0 0.785 0.332 0.076 0.047
0 0.023 0.684 0.047 0.056
24 0.35 0.813 0.152 0.067
24 0.078 0.817 0.103 0.051
56 0.136 0.754 0.05 0.06
56 0.8 0.742 0.037 0.052
56 0.815 0.708 0.021 0.014
56 0.59 0.781 0.086 0.115
56 0.388 0.776 0.047 0.053
56 0.822 0.668 0.06 0.014
63 0.926 0.713 0.08 0.026
0 0.735 0.49 0.104 0.063
0 0.575 0.622 0.081 0.07
0 0.333 0.542 0.065 0.051
0 0.499 0.402 0.998 0.672
