32 0.612 0.473 0.008 0.009
56 0.595 0.062 0.017 0.034
56 0.571 0.062 0.018 0.035
56 0.555 0.032 0.017 0.029
38 0.18 0.319 0.038 0.025
0 0.051 0.639 0.09 0.178
0 0.163 0.34 0.046 0.154
0 0.902 0.239 0.028 0.083
0 0.881 0.242 0.026 0.06
0 0.853 0.238 0.041 0.072
0 0.82 0.207 0.039 0.055
0 0.716 0.213 0.033 0.066
0 0.771 0.255 0.034 0.076
0 0.824 0.247 0.026 0.044
38 0.774 0.537 0.023 0.044
56 0.478 0.034 0.019 0.032
56 0.597 0.036 0.019 0.031
56 0.219 0.074 0.026 0.022
56 0.744 0.326 0.013 0.073
0 0.994 0.267 0.012 0.049
0 0.787 0.208 0.021 0.062
0 0.816 0.311 0.031 0.042
0 0.804 0.622 0.101 0.271
56 0.455 0.035 0.019 0.036
0 0.5 0.338 0.997 0.675
