1 0.522 0.672 0.694 0.641
2 0.096 0.345 0.1 0.064
2 0.06 0.355 0.096 0.072
1 0.085 0.39 0.01 0.03
2 0.184 0.305 0.025 0.026
2 0.823 0.321 0.073 0.031
2 0.74 0.315 0.035 0.029
2 0.681 0.307 0.028 0.017
2 0.008 0.447 0.016 0.039
2 0.198 0.305 0.022 0.025
8 0.575 0.356 0.053 0.033
8 0.503 0.315 0.107 0.06
8 0.423 0.299 0.056 0.036
8 0.387 0.293 0.035 0.03
8 0.902 0.37 0.197 0.12
8 0.276 0.474 0.239 0.268
2 0.029 0.39 0.057 0.11
2 0.618 0.307 0.035 0.018
8 0.697 0.36 0.238 0.092
8 0.28 0.337 0.045 0.03
8 0.315 0.341 0.035 0.032
8 0.356 0.297 0.018 0.005
8 0.262 0.315 0.074 0.043
8 0.271 0.288 0.041 0.018
2 0.216 0.293 0.016 0.021
2 0.594 0.306 0.033 0.022
8 0.084 0.722 0.168 0.32
2 0.159 0.314 0.065 0.038
2 0.639 0.304 0.456 0.093
