0 0.72 0.589 0.215 0.791
0 0.519 0.375 0.103 0.293
0 0.092 0.405 0.107 0.331
0 0.298 0.369 0.108 0.279
0 0.879 0.44 0.074 0.233
24 0.696 0.457 0.114 0.268
0 0.209 0.368 0.094 0.278
25 0.326 0.252 0.217 0.169
25 0.745 0.194 0.434 0.388
25 0.033 0.232 0.065 0.05
25 0.543 0.289 0.199 0.187
25 0.974 0.275 0.053 0.099
25 0.931 0.284 0.055 0.039
25 0.875 0.292 0.127 0.079
25 0.974 0.359 0.052 0.079
25 0.08 0.281 0.158 0.124
26 0.17 0.389 0.036 0.073
0 0.944 0.424 0.056 0.218
0 0.434 0.382 0.086 0.238
0 0.587 0.451 0.056 0.146
25 0.364 0.311 0.08 0.036
25 0.509 0.179 0.077 0.078
26 0.376 0.422 0.014 0.043
26 0.195 0.386 0.071 0.182
25 0.419 0.25 0.11 0.062
0 0.985 0.468 0.027 0.126
25 0.196 0.255 0.132 0.115
26 0.691 0.505 0.1 0.18
25 0.955 0.252 0.056 0.05
