30 0.36 0.883 0.033 0.009
31 0.306 0.889 0.098 0.136
0 0.613 0.805 0.145 0.391
0 0.438 0.765 0.054 0.24
0 0.541 0.753 0.066 0.285
0 0.296 0.748 0.053 0.207
0 0.232 0.812 0.105 0.309
0 0.362 0.809 0.043 0.157
0 0.735 0.767 0.075 0.235
0 0.804 0.749 0.057 0.289
0 0.682 0.764 0.052 0.22
0 0.024 0.765 0.038 0.168
30 0.53 0.889 0.067 0.01
30 0.82 0.889 0.065 0.018
0 0.329 0.81 0.023 0.071
30 0.155 0.754 0.101 0.492
30 0.742 0.888 0.082 0.03
30 0.047 0.792 0.034 0.266
30 0.011 0.753 0.023 0.224
0 0.725 0.747 0.048 0.272
