39 0.18 0.643 0.025 0.086
56 0.244 0.61 0.105 0.069
82 0.519 0.661 0.639 0.268
0 0.822 0.595 0.228 0.261
0 0.71 0.489 0.069 0.115
0 0.857 0.492 0.083 0.129
0 0.946 0.529 0.108 0.198
0 0.446 0.518 0.202 0.171
0 0.52 0.492 0.065 0.079
56 0.121 0.922 0.242 0.13
56 0.337 0.576 0.051 0.068
56 0.443 0.56 0.05 0.05
56 0.13 0.752 0.148 0.284
56 0.956 0.639 0.088 0.117
56 0.912 0.535 0.03 0.049
74 0.015 0.078 0.028 0.114
63 0.546 0.539 0.098 0.071
63 0.446 0.57 0.114 0.084
63 0.678 0.523 0.088 0.061
56 0.961 0.708 0.078 0.078
56 0.49 0.506 0.014 0.02
39 0.887 0.552 0.022 0.066
39 0.35 0.693 0.036 0.096
39 0.589 0.516 0.017 0.055
63 0.672 0.602 0.083 0.123
63 0.824 0.521 0.016 0.041
67 0.69 0.673 0.02 0.016
