81 0.472 0.399 0.04 0.141
81 0.422 0.414 0.029 0.112
83 0.583 0.416 0.106 0.159
56 0.429 0.706 0.191 0.323
56 0.455 0.816 0.146 0.29
56 0.793 0.861 0.197 0.256
56 0.702 0.682 0.134 0.22
84 0.152 0.619 0.257 0.295
82 0.631 0.875 0.301 0.23
75 0.696 0.596 0.022 0.079
75 0.612 0.819 0.032 0.085
39 0.665 0.216 0.021 0.076
39 0.653 0.221 0.014 0.073
45 0.924 0.185 0.078 0.208
45 0.977 0.416 0.046 0.233
45 0.853 0.354 0.047 0.159
81 0.693 0.553 0.045 0.161
81 0.607 0.76 0.096 0.207
56 0.453 0.933 0.154 0.135
