39 0.831 0.274 0.032 0.028
0 0.113 0.33 0.225 0.39
41 0.627 0.286 0.058 0.05
41 0.919 0.525 0.106 0.096
41 0.869 0.297 0.061 0.08
41 0.428 0.345 0.059 0.065
44 0.366 0.65 0.097 0.235
44 0.632 0.73 0.348 0.183
44 0.532 0.46 0.152 0.024
44 0.177 0.498 0.133 0.053
0 0.32 0.255 0.312 0.268
0 0.545 0.216 0.265 0.27
39 0.799 0.294 0.036 0.091
39 0.766 0.308 0.049 0.069
45 0.443 0.772 0.408 0.231
53 0.275 0.537 0.245 0.081
0 0.903 0.426 0.194 0.139
0 0.979 0.187 0.042 0.085
56 0.426 0.263 0.199 0.169
82 0.5 0.653 1.0 0.657
44 0.956 0.602 0.088 0.036
0 0.716 0.158 0.161 0.164
