27 0.345 0.437 0.057 0.207
0 0.378 0.518 0.466 0.933
0 0.552 0.535 0.349 0.881
41 0.374 0.965 0.048 0.07
55 0.716 0.58 0.233 0.13
55 0.772 0.947 0.044 0.048
55 0.683 0.95 0.042 0.058
75 0.9 0.918 0.091 0.135
55 0.804 0.94 0.034 0.055
55 0.731 0.938 0.041 0.069
0 0.711 0.779 0.152 0.257
43 0.623 0.5 0.079 0.075
55 0.603 0.937 0.045 0.082
55 0.759 0.772 0.041 0.067
55 0.795 0.767 0.038 0.071
55 0.718 0.773 0.043 0.064
55 0.675 0.775 0.038 0.066
55 0.637 0.776 0.046 0.073
55 0.813 0.767 0.02 0.068
