77 0.542 0.743 0.086 0.089
77 0.711 0.712 0.074 0.151
77 0.943 0.817 0.105 0.206
77 0.784 0.703 0.061 0.091
0 0.96 0.548 0.061 0.16
0 0.723 0.756 0.088 0.384
0 0.436 0.747 0.052 0.116
0 0.398 0.617 0.147 0.736
0 0.114 0.712 0.203 0.547
0 0.584 0.72 0.057 0.272
0 0.813 0.561 0.053 0.079
0 0.676 0.638 0.041 0.083
0 0.779 0.601 0.031 0.079
73 0.28 0.509 0.012 0.037
73 0.581 0.482 0.005 0.027
73 0.612 0.482 0.005 0.026
73 0.238 0.59 0.015 0.069
73 0.273 0.59 0.038 0.069
73 0.27 0.507 0.008 0.04
73 0.211 0.586 0.038 0.071
73 0.245 0.506 0.04 0.049
73 0.598 0.481 0.005 0.026
73 0.613 0.487 0.08 0.038
0 0.803 0.495 0.078 0.17
0 0.804 0.792 0.081 0.384
0 0.908 0.932 0.184 0.113
73 0.493 0.507 0.057 0.041
77 0.443 0.83 0.047 0.077
77 0.137 0.662 0.084 0.104
0 0.869 0.597 0.03 0.064
0 0.549 0.68 0.898 0.491
