38 0.258 0.118 0.231 0.211
0 0.14 0.209 0.055 0.113
0 0.15 0.227 0.041 0.079
0 0.091 0.338 0.079 0.105
0 0.214 0.34 0.077 0.082
0 0.51 0.435 0.076 0.123
0 0.416 0.382 0.069 0.091
0 0.399 0.351 0.064 0.1
0 0.377 0.307 0.072 0.107
0 0.366 0.264 0.065 0.088
0 0.43 0.541 0.082 0.093
0 0.447 0.447 0.067 0.133
56 0.523 0.509 0.069 0.049
56 0.243 0.503 0.059 0.04
56 0.177 0.503 0.073 0.04
56 0.256 0.555 0.068 0.047
56 0.198 0.554 0.044 0.038
56 0.149 0.37 0.043 0.045
56 0.137 0.323 0.042 0.033
56 0.537 0.557 0.048 0.048
56 0.097 0.518 0.021 0.011
56 0.024 0.406 0.049 0.036
56 0.142 0.408 0.046 0.032
56 0.167 0.554 0.023 0.04
0 0.168 0.43 0.08 0.078
56 0.23 0.474 0.065 0.075
0 0.553 0.552 0.44 0.752
56 0.423 0.342 0.543 0.463
0 0.499 0.297 0.998 0.594
