0 0.128 0.348 0.018 0.068
0 0.152 0.338 0.011 0.062
0 0.758 0.368 0.014 0.054
0 0.941 0.317 0.013 0.025
1 0.447 0.435 0.042 0.048
1 0.484 0.433 0.016 0.048
1 0.497 0.437 0.013 0.034
1 0.534 0.434 0.036 0.034
2 0.659 0.281 0.027 0.021
2 0.835 0.28 0.036 0.041
2 0.155 0.294 0.013 0.03
7 0.065 0.285 0.093 0.058
8 0.222 0.703 0.133 0.094
8 0.132 0.708 0.112 0.097
8 0.053 0.72 0.104 0.097
8 0.641 0.59 0.111 0.069
8 0.708 0.577 0.11 0.07
8 0.86 0.549 0.053 0.042
8 0.934 0.535 0.108 0.048
8 0.966 0.526 0.067 0.048
13 0.848 0.376 0.039 0.035
1 0.5 0.434 0.023 0.04
8 0.753 0.569 0.085 0.056
8 0.793 0.559 0.065 0.065
8 0.833 0.558 0.062 0.062
8 0.012 0.741 0.021 0.054
0 0.917 0.352 0.013 0.056
0 0.894 0.35 0.011 0.054
2 0.703 0.281 0.013 0.013
8 0.887 0.546 0.083 0.051
1 0.895 0.356 0.024 0.036
8 0.932 0.706 0.133 0.443
