84 0.594 0.637 0.293 0.198
56 0.144 0.724 0.1 0.203
82 0.231 0.675 0.169 0.248
69 0.733 0.872 0.36 0.234
71 0.907 0.712 0.185 0.142
45 0.182 0.632 0.017 0.009
49 0.465 0.78 0.018 0.032
49 0.454 0.76 0.024 0.021
56 0.133 0.628 0.047 0.049
56 0.315 0.602 0.035 0.064
56 0.324 0.685 0.076 0.182
56 0.338 0.6 0.022 0.049
49 0.472 0.736 0.017 0.028
49 0.502 0.776 0.022 0.036
49 0.483 0.786 0.022 0.028
49 0.491 0.749 0.023 0.036
56 0.14 0.619 0.024 0.056
81 0.588 0.441 0.024 0.039
75 0.915 0.536 0.102 0.16
