80 0.64 0.854 0.133 0.164
8 0.372 0.693 0.094 0.033
8 0.401 0.72 0.095 0.047
0 0.587 0.684 0.01 0.041
0 0.598 0.677 0.006 0.036
0 0.604 0.68 0.009 0.04
0 0.725 0.678 0.005 0.028
7 0.334 0.809 0.198 0.184
0 0.593 0.683 0.006 0.037
0 0.674 0.685 0.01 0.018
8 0.475 0.704 0.072 0.036
8 0.552 0.61 0.064 0.184
8 0.906 0.664 0.024 0.012
8 0.507 0.684 0.083 0.06
13 0.263 0.896 0.163 0.128
25 0.74 0.67 0.02 0.016
33 0.498 0.463 0.025 0.013
33 0.484 0.419 0.006 0.011
33 0.463 0.36 0.003 0.006
33 0.565 0.574 0.013 0.013
33 0.525 0.508 0.007 0.01
33 0.608 0.632 0.011 0.007
33 0.544 0.535 0.005 0.007
0 0.719 0.679 0.005 0.026
0 0.786 0.685 0.009 0.014
0 0.775 0.686 0.008 0.017
0 0.659 0.679 0.008 0.028
0 0.741 0.677 0.006 0.01
8 0.285 0.568 0.055 0.322
0 0.614 0.681 0.006 0.017
0 0.651 0.678 0.009 0.028
8 0.967 0.668 0.054 0.024
25 0.968 0.662 0.004 0.005
56 0.961 0.698 0.033 0.036
0 0.823 0.699 0.203 0.072
