56 0.644 0.163 0.019 0.052
56 0.79 0.132 0.021 0.02
56 0.011 0.327 0.015 0.2
0 0.442 0.182 0.238 0.364
0 0.818 0.25 0.365 0.496
0 0.142 0.212 0.263 0.422
0 0.696 0.13 0.094 0.152
0 0.829 0.121 0.065 0.174
41 0.395 0.397 0.054 0.104
41 0.502 0.525 0.074 0.113
44 0.689 0.421 0.062 0.083
45 0.485 0.417 0.123 0.104
45 0.957 0.509 0.085 0.086
45 0.152 0.966 0.172 0.045
45 0.092 0.451 0.107 0.071
82 0.5 0.647 1.0 0.678
82 0.692 0.238 0.258 0.099
45 0.778 0.168 0.015 0.009
45 0.43 0.542 0.074 0.057
45 0.025 0.953 0.051 0.093
51 0.449 0.822 0.021 0.093
51 0.469 0.803 0.025 0.094
51 0.353 0.497 0.021 0.066
51 0.339 0.501 0.017 0.06
51 0.377 0.497 0.045 0.084
51 0.531 0.809 0.103 0.087
51 0.528 0.855 0.096 0.104
51 0.191 0.917 0.077 0.082
51 0.463 0.831 0.022 0.065
56 0.698 0.313 0.145 0.203
82 0.776 0.185 0.054 0.022
41 0.593 0.383 0.049 0.101
41 0.266 0.385 0.064 0.06
41 0.357 0.39 0.029 0.066
41 0.741 0.192 0.019 0.049
45 0.851 0.875 0.299 0.218
51 0.468 0.873 0.105 0.125
56 0.572 0.251 0.111 0.178
56 0.336 0.297 0.017 0.106
41 0.923 0.572 0.093 0.123
41 0.957 0.74 0.085 0.234
