53 0.733 0.771 0.088 0.076
0 0.894 0.345 0.137 0.228
0 0.158 0.717 0.312 0.544
0 0.846 0.726 0.307 0.527
0 0.56 0.149 0.105 0.185
0 0.37 0.289 0.126 0.272
0 0.462 0.628 0.281 0.741
0 0.687 0.368 0.139 0.338
0 0.793 0.624 0.308 0.681
0 0.621 0.289 0.109 0.206
0 0.226 0.309 0.106 0.28
0 0.506 0.225 0.068 0.096
53 0.763 0.46 0.071 0.05
53 0.261 0.644 0.31 0.576
53 0.813 0.986 0.081 0.026
0 0.068 0.363 0.132 0.301
53 0.502 0.451 0.049 0.071
56 0.323 0.461 0.072 0.178
56 0.462 0.815 0.251 0.37
56 0.69 0.615 0.078 0.174
56 0.237 0.405 0.027 0.024
56 0.916 0.797 0.032 0.095
56 0.334 0.498 0.08 0.238
56 0.63 0.585 0.09 0.281
0 0.051 0.251 0.1 0.205
53 0.375 0.278 0.025 0.013
53 0.757 0.856 0.04 0.021
56 0.351 0.543 0.096 0.176
56 0.321 0.599 0.114 0.416
56 0.374 0.51 0.019 0.219
56 0.38 0.49 0.016 0.163
56 0.345 0.513 0.102 0.19
0 0.338 0.618 0.677 0.76
56 0.32 0.666 0.616 0.319
