83 0.22 0.264 0.314 0.4
83 0.552 0.217 0.363 0.333
39 0.38 0.506 0.069 0.285
41 0.214 0.545 0.079 0.107
41 0.394 0.651 0.092 0.133
63 0.598 0.554 0.34 0.407
44 0.713 0.422 0.03 0.061
64 0.778 0.629 0.082 0.07
64 0.775 0.744 0.048 0.034
66 0.597 0.646 0.255 0.124
66 0.448 0.823 0.131 0.037
41 0.123 0.507 0.113 0.146
65 0.841 0.59 0.06 0.02
65 0.845 0.617 0.025 0.032
73 0.05 0.675 0.099 0.026
73 0.043 0.493 0.086 0.028
73 0.05 0.613 0.091 0.022
73 0.922 0.843 0.11 0.164
73 0.041 0.534 0.081 0.026
73 0.039 0.513 0.077 0.023
73 0.031 0.309 0.063 0.014
73 0.03 0.252 0.059 0.06
73 0.028 0.193 0.057 0.018
66 0.542 0.806 0.354 0.107
