56 0.329 0.497 0.097 0.212
82 0.24 0.312 0.166 0.062
26 0.316 0.793 0.058 0.177
26 0.679 0.494 0.038 0.159
0 0.242 0.489 0.112 0.584
0 0.265 0.801 0.131 0.394
0 0.694 0.636 0.141 0.598
0 0.778 0.403 0.064 0.385
0 0.888 0.306 0.139 0.248
0 0.902 0.177 0.098 0.173
24 0.679 0.496 0.035 0.158
24 0.924 0.276 0.015 0.054
0 0.097 0.844 0.135 0.308
0 0.908 0.425 0.115 0.301
0 0.984 0.395 0.033 0.243
24 0.986 0.399 0.016 0.078
26 0.152 0.895 0.069 0.21
56 0.051 0.063 0.083 0.126
24 0.863 0.273 0.019 0.049
