2 0.911 0.566 0.02 0.015
2 0.901 0.564 0.024 0.016
2 0.466 0.573 0.026 0.019
33 0.251 0.318 0.046 0.024
33 0.548 0.347 0.02 0.025
33 0.973 0.057 0.016 0.031
33 0.749 0.333 0.069 0.09
0 0.111 0.651 0.083 0.28
0 0.219 0.594 0.021 0.078
0 0.682 0.602 0.041 0.097
0 0.351 0.602 0.021 0.076
0 0.366 0.591 0.02 0.096
0 0.447 0.587 0.018 0.044
0 0.643 0.588 0.014 0.045
0 0.517 0.599 0.02 0.112
0 0.531 0.592 0.018 0.077
0 0.507 0.616 0.035 0.116
0 0.718 0.609 0.036 0.125
0 0.78 0.593 0.021 0.081
2 0.889 0.567 0.008 0.015
0 0.329 0.606 0.012 0.043
33 0.275 0.593 0.028 0.061
0 0.503 0.608 0.991 0.146
