75 0.11 0.12 0.065 0.148
0 0.766 0.798 0.24 0.404
0 0.58 0.246 0.084 0.159
0 0.443 0.182 0.127 0.229
0 0.573 0.818 0.26 0.33
0 0.346 0.836 0.235 0.306
0 0.25 0.323 0.142 0.209
0 0.38 0.338 0.145 0.222
0 0.43 0.285 0.077 0.159
0 0.535 0.261 0.079 0.094
0 0.261 0.68 0.151 0.577
0 0.115 0.675 0.207 0.627
0 0.546 0.59 0.187 0.414
27 0.244 0.176 0.037 0.088
27 0.323 0.165 0.029 0.056
27 0.445 0.199 0.02 0.032
27 0.721 0.338 0.02 0.035
27 0.552 0.183 0.015 0.044
27 0.756 0.533 0.042 0.124
27 0.675 0.543 0.027 0.072
0 0.916 0.824 0.169 0.331
0 0.499 0.474 0.939 0.931
