27 0.571 0.488 0.042 0.135
39 0.337 0.763 0.057 0.255
0 0.586 0.339 0.302 0.56
0 0.064 0.416 0.127 0.411
0 0.308 0.306 0.298 0.473
42 0.235 0.808 0.075 0.074
56 0.759 0.477 0.046 0.19
82 0.419 0.743 0.838 0.514
82 0.45 0.242 0.19 0.208
82 0.036 0.169 0.072 0.107
0 0.886 0.525 0.228 0.511
41 0.535 0.663 0.039 0.065
41 0.245 0.573 0.034 0.064
41 0.32 0.546 0.034 0.063
41 0.707 0.821 0.045 0.098
41 0.031 0.697 0.046 0.078
41 0.078 0.663 0.045 0.081
41 0.618 0.828 0.049 0.097
41 0.751 0.643 0.07 0.146
41 0.28 0.573 0.035 0.065
41 0.249 0.5 0.034 0.063
41 0.029 0.64 0.043 0.049
41 0.65 0.782 0.046 0.085
45 0.38 0.183 0.037 0.043
45 0.458 0.215 0.044 0.03
56 0.188 0.181 0.14 0.356
56 0.811 0.393 0.115 0.379
0 0.083 0.105 0.164 0.21
41 0.614 0.917 0.076 0.165
0 0.835 0.801 0.329 0.148
41 0.447 0.511 0.863 0.974
