0 0.606 0.431 0.253 0.639
0 0.311 0.45 0.189 0.593
0 0.092 0.485 0.174 0.562
55 0.471 0.907 0.197 0.142
55 0.695 0.936 0.038 0.062
55 0.536 0.774 0.146 0.11
0 0.211 0.466 0.023 0.077
13 0.465 0.529 0.037 0.069
45 0.442 0.764 0.068 0.054
55 0.772 0.946 0.034 0.081
55 0.609 0.919 0.038 0.072
55 0.677 0.815 0.029 0.044
55 0.65 0.925 0.038 0.068
55 0.713 0.825 0.043 0.05
55 0.626 0.811 0.039 0.063
56 0.195 0.566 0.052 0.106
56 0.19 0.542 0.048 0.062
56 0.185 0.533 0.053 0.069
56 0.185 0.502 0.046 0.013
55 0.683 0.789 0.033 0.044
55 0.656 0.777 0.017 0.02
55 0.733 0.939 0.046 0.078
82 0.464 0.53 0.037 0.067
82 0.632 0.689 0.489 0.186
45 0.421 0.708 0.065 0.042
45 0.365 0.855 0.067 0.094
55 0.646 0.816 0.032 0.05
82 0.213 0.456 0.033 0.016
82 0.29 0.92 0.229 0.135
55 0.562 0.822 0.448 0.195
