82 0.5 0.594 0.995 0.789
0 0.133 0.061 0.263 0.121
41 0.938 0.312 0.124 0.221
41 0.249 0.189 0.118 0.205
41 0.143 0.223 0.128 0.214
41 0.047 0.263 0.094 0.244
41 0.594 0.813 0.269 0.334
53 0.373 0.536 0.418 0.24
53 0.641 0.436 0.339 0.218
41 0.348 0.16 0.105 0.192
41 0.52 0.029 0.042 0.055
41 0.765 0.727 0.24 0.398
41 0.607 0.027 0.039 0.053
82 0.568 0.071 0.348 0.127
41 0.896 0.619 0.209 0.346
0 0.452 0.17 0.13 0.078
56 0.676 0.171 0.212 0.124
56 0.821 0.105 0.126 0.209
41 0.961 0.539 0.078 0.313
