18 0.768 0.523 0.058 0.072
18 0.61 0.516 0.034 0.05
18 0.504 0.488 0.051 0.059
18 0.406 0.497 0.04 0.059
18 0.345 0.493 0.052 0.058
18 0.659 0.518 0.051 0.05
18 0.549 0.504 0.054 0.064
18 0.293 0.489 0.041 0.058
18 0.38 0.479 0.037 0.059
18 0.463 0.48 0.034 0.058
18 0.64 0.473 0.047 0.024
18 0.734 0.505 0.061 0.073
0 0.863 0.527 0.043 0.187
18 0.935 0.517 0.075 0.07
18 0.752 0.505 0.067 0.067
18 0.677 0.508 0.069 0.064
18 0.631 0.506 0.03 0.054
18 0.277 0.465 0.037 0.051
18 0.565 0.448 0.037 0.022
18 0.433 0.49 0.419 0.108
