2 0.24 0.625 0.064 0.034
2 0.17 0.627 0.044 0.052
5 0.808 0.771 0.183 0.187
5 0.691 0.628 0.114 0.056
0 0.119 0.734 0.01 0.052
0 0.087 0.714 0.01 0.052
0 0.104 0.715 0.01 0.055
0 0.073 0.697 0.013 0.051
0 0.033 0.696 0.012 0.056
0 0.269 0.598 0.007 0.029
0 0.015 0.691 0.011 0.055
2 0.133 0.616 0.04 0.029
2 0.622 0.612 0.032 0.034
2 0.465 0.623 0.044 0.023
2 0.374 0.631 0.025 0.019
5 0.934 0.701 0.106 0.129
0 0.116 0.706 0.013 0.023
0 0.428 0.631 0.006 0.026
0 0.42 0.62 0.006 0.015
0 0.46 0.636 0.005 0.021
0 0.475 0.635 0.008 0.023
0 0.09 0.681 0.011 0.014
0 0.531 0.614 0.706 0.07
