1 0.17 0.854 0.066 0.216
2 0.599 0.723 0.198 0.228
2 0.83 0.648 0.047 0.039
2 0.758 0.678 0.076 0.094
2 0.641 0.666 0.135 0.162
2 0.376 0.71 0.258 0.319
0 0.182 0.687 0.123 0.432
0 0.801 0.675 0.022 0.079
9 0.618 0.544 0.018 0.038
9 0.534 0.418 0.011 0.036
9 0.515 0.533 0.015 0.042
0 0.899 0.645 0.025 0.048
9 0.823 0.564 0.007 0.009
0 0.274 0.605 0.042 0.143
9 0.49 0.526 0.02 0.062
9 0.806 0.563 0.009 0.017
9 0.912 0.587 0.008 0.023
0 0.929 0.646 0.01 0.042
0 0.032 0.676 0.048 0.158
1 0.858 0.645 0.009 0.022
2 0.964 0.639 0.051 0.04
80 0.094 0.736 0.078 0.215
9 0.773 0.608 0.007 0.019
24 0.168 0.683 0.072 0.13
2 0.874 0.581 0.024 0.024
2 0.847 0.598 0.021 0.033
2 0.861 0.609 0.019 0.031
7 0.376 0.706 0.259 0.311
7 0.759 0.677 0.077 0.092
