1 0.685 0.544 0.045 0.053
2 0.701 0.339 0.036 0.05
0 0.143 0.752 0.038 0.188
0 0.209 0.654 0.024 0.152
0 0.962 0.815 0.035 0.226
0 0.685 0.526 0.026 0.082
0 0.833 0.361 0.02 0.057
9 0.177 0.065 0.055 0.13
9 0.404 0.207 0.033 0.107
9 0.475 0.207 0.013 0.063
9 0.573 0.221 0.013 0.016
9 0.943 0.531 0.015 0.086
9 0.987 0.608 0.018 0.114
9 0.484 0.254 0.024 0.072
9 0.866 0.329 0.01 0.04
9 0.189 0.464 0.019 0.11
0 0.049 0.691 0.036 0.134
1 0.223 0.707 0.026 0.096
2 0.435 0.576 0.042 0.069
5 0.849 0.743 0.181 0.317
9 0.755 0.071 0.024 0.083
0 0.33 0.639 0.024 0.121
0 0.601 0.351 0.019 0.076
0 0.059 0.728 0.016 0.113
0 0.04 0.762 0.023 0.151
2 0.455 0.683 0.107 0.137
2 0.551 0.596 0.067 0.084
2 0.623 0.416 0.044 0.068
2 0.528 0.526 0.083 0.063
2 0.451 0.616 0.085 0.037
2 0.723 0.353 0.039 0.052
0 0.581 0.358 0.01 0.049
0 0.858 0.567 0.011 0.038
0 0.541 0.567 0.007 0.01
9 0.708 0.138 0.007 0.012
0 0.262 0.624 0.014 0.112
9 0.459 0.393 0.902 0.219
