18 0.485 0.727 0.175 0.163
18 0.353 0.87 0.401 0.26
18 0.619 0.797 0.338 0.274
18 0.348 0.684 0.279 0.159
0 0.797 0.534 0.339 0.39
0 0.669 0.47 0.162 0.198
0 0.427 0.501 0.146 0.214
0 0.302 0.56 0.158 0.21
0 0.12 0.615 0.238 0.296
0 0.204 0.609 0.173 0.263
0 0.53 0.481 0.115 0.164
0 0.723 0.344 0.554 0.687
0 0.811 0.362 0.187 0.132
18 0.701 0.657 0.264 0.205
18 0.173 0.877 0.346 0.244
18 0.643 0.91 0.348 0.177
0 0.11 0.509 0.048 0.044
0 0.252 0.466 0.033 0.038
26 0.232 0.641 0.111 0.053
26 0.139 0.725 0.12 0.103
0 0.191 0.464 0.036 0.097
18 0.748 0.632 0.222 0.151
18 0.625 0.664 0.341 0.218
67 0.571 0.267 0.059 0.047
0 0.6 0.479 0.117 0.167
0 0.455 0.531 0.911 0.784
