0 0.63 0.674 0.142 0.418
0 0.395 0.489 0.064 0.255
0 0.477 0.586 0.085 0.214
0 0.554 0.52 0.116 0.326
0 0.443 0.445 0.031 0.128
0 0.284 0.446 0.051 0.131
0 0.179 0.436 0.031 0.159
0 0.253 0.438 0.026 0.13
0 0.785 0.46 0.041 0.135
0 0.737 0.466 0.072 0.276
31 0.529 0.326 0.04 0.074
31 0.386 0.553 0.012 0.095
31 0.67 0.459 0.029 0.168
31 0.332 0.489 0.048 0.235
30 0.715 0.477 0.069 0.232
31 0.717 0.479 0.072 0.234
0 0.22 0.443 0.036 0.146
30 0.914 0.4 0.083 0.076
30 0.948 0.43 0.015 0.087
30 0.264 0.441 0.017 0.094
30 0.336 0.516 0.038 0.174
30 0.233 0.483 0.012 0.061
30 0.775 0.504 0.015 0.046
30 0.197 0.469 0.022 0.046
30 0.716 0.445 0.048 0.035
30 0.555 0.386 0.091 0.189
0 0.5 0.452 0.997 0.221
