39 0.512 0.692 0.086 0.119
39 0.224 0.519 0.115 0.072
41 0.58 0.716 0.036 0.077
26 0.336 0.87 0.152 0.26
0 0.618 0.239 0.248 0.436
0 0.872 0.311 0.255 0.483
0 0.777 0.628 0.445 0.743
0 0.155 0.568 0.31 0.864
0 0.155 0.233 0.192 0.411
26 0.736 0.39 0.081 0.128
39 0.217 0.498 0.126 0.078
40 0.474 0.354 0.024 0.041
41 0.487 0.597 0.041 0.068
49 0.591 0.603 0.022 0.031
49 0.611 0.605 0.017 0.017
49 0.598 0.616 0.02 0.02
49 0.607 0.592 0.019 0.021
49 0.612 0.535 0.011 0.007
49 0.603 0.645 0.025 0.037
