80 0.087 0.761 0.124 0.327
80 0.177 0.746 0.132 0.308
80 0.261 0.74 0.076 0.277
80 0.396 0.745 0.21 0.222
80 0.535 0.708 0.094 0.24
80 0.598 0.707 0.068 0.215
80 0.72 0.691 0.093 0.2
80 0.656 0.693 0.13 0.223
0 0.025 0.562 0.038 0.098
0 0.095 0.592 0.051 0.138
0 0.561 0.582 0.037 0.092
0 0.461 0.564 0.029 0.133
0 0.704 0.593 0.016 0.056
0 0.886 0.573 0.046 0.082
0 0.856 0.561 0.022 0.033
0 0.944 0.579 0.023 0.122
0 0.057 0.57 0.035 0.096
0 0.591 0.594 0.037 0.127
0 0.014 0.71 0.028 0.321
0 0.748 0.582 0.011 0.009
80 0.915 0.672 0.083 0.176
80 0.947 0.682 0.044 0.106
80 0.969 0.652 0.061 0.085
80 0.488 0.701 0.089 0.231
26 0.587 0.606 0.017 0.023
0 0.107 0.476 0.041 0.135
80 0.769 0.688 0.109 0.199
80 0.623 0.682 0.572 0.271
