56 0.833 0.94 0.064 0.094
56 0.77 0.935 0.06 0.103
56 0.371 0.911 0.063 0.073
56 0.869 0.853 0.046 0.038
56 0.222 0.883 0.052 0.038
56 0.052 0.844 0.093 0.04
56 0.231 0.676 0.061 0.044
8 0.515 0.238 0.412 0.18
8 0.828 0.235 0.245 0.205
8 0.258 0.333 0.027 0.011
0 0.251 0.649 0.013 0.015
0 0.073 0.919 0.052 0.162
0 0.588 0.663 0.026 0.096
0 0.113 0.752 0.039 0.091
0 0.256 0.873 0.039 0.134
0 0.964 0.687 0.032 0.068
0 0.318 0.623 0.019 0.019
0 0.154 0.792 0.037 0.034
25 0.522 0.826 0.292 0.293
25 0.701 0.687 0.209 0.176
25 0.476 0.618 0.157 0.14
25 0.749 0.616 0.158 0.132
25 0.093 0.613 0.14 0.174
25 0.022 0.531 0.043 0.076
26 0.104 0.898 0.032 0.053
0 0.182 0.937 0.049 0.087
0 0.317 0.873 0.065 0.046
0 0.971 0.673 0.038 0.05
26 0.103 0.97 0.014 0.049
26 0.169 0.96 0.035 0.081
56 0.198 0.678 0.025 0.035
0 0.614 0.671 0.023 0.043
56 0.177 0.674 0.041 0.042
56 0.275 0.73 0.071 0.06
56 0.135 0.671 0.055 0.04
56 0.781 0.838 0.025 0.018
0 0.241 0.644 0.013 0.021
56 0.331 0.691 0.064 0.032
56 0.39 0.771 0.739 0.212
