1 0.079 0.676 0.107 0.294
80 0.917 0.546 0.166 0.328
6 0.442 0.496 0.554 0.615
24 0.156 0.506 0.029 0.052
26 0.748 0.489 0.037 0.055
26 0.678 0.447 0.028 0.07
0 0.932 0.373 0.055 0.099
0 0.75 0.483 0.049 0.264
0 0.272 0.569 0.116 0.311
0 0.162 0.532 0.077 0.269
0 0.105 0.472 0.044 0.103
0 0.078 0.548 0.125 0.307
0 0.015 0.585 0.03 0.281
0 0.802 0.485 0.06 0.223
0 0.212 0.499 0.018 0.065
28 0.333 0.623 0.027 0.071
0 0.693 0.436 0.045 0.145
0 0.632 0.429 0.068 0.14
1 0.115 0.617 0.021 0.028
0 0.702 0.402 0.022 0.064
26 0.699 0.462 0.036 0.028
26 0.786 0.495 0.028 0.028
0 0.981 0.413 0.037 0.167
0 0.469 0.478 0.55 0.234
