0 0.511 0.371 0.276 0.526
0 0.411 0.463 0.032 0.12
36 0.565 0.649 0.151 0.068
0 0.33 0.473 0.04 0.107
0 0.775 0.408 0.025 0.093
0 0.241 0.445 0.019 0.054
0 0.267 0.45 0.028 0.056
0 0.794 0.421 0.021 0.104
0 0.833 0.437 0.029 0.115
0 0.887 0.431 0.019 0.034
2 0.456 0.437 0.046 0.04
2 0.757 0.455 0.037 0.027
0 0.864 0.443 0.022 0.058
0 0.636 0.461 0.025 0.07
0 0.215 0.436 0.016 0.091
2 0.1 0.379 0.058 0.05
2 0.182 0.411 0.053 0.044
2 0.018 0.393 0.033 0.018
0 0.725 0.463 0.029 0.071
0 0.495 0.437 0.945 0.188
