18 0.254 0.563 0.07 0.144
2 0.701 0.405 0.059 0.037
0 0.863 0.457 0.07 0.163
0 0.337 0.422 0.022 0.085
0 0.361 0.412 0.018 0.033
0 0.973 0.407 0.013 0.044
0 0.407 0.409 0.007 0.022
0 0.771 0.403 0.008 0.033
0 0.396 0.406 0.005 0.018
7 0.628 0.373 0.231 0.077
0 0.785 0.398 0.011 0.031
0 0.918 0.389 0.01 0.019
0 0.926 0.396 0.008 0.022
0 0.947 0.408 0.012 0.031
0 0.446 0.405 0.015 0.017
2 0.852 0.405 0.007 0.008
80 0.619 0.383 0.041 0.053
7 0.483 0.362 0.034 0.042
0 0.807 0.406 0.008 0.028
0 0.881 0.399 0.234 0.077
