0 0.424 0.435 0.031 0.172
0 0.149 0.446 0.018 0.079
33 0.341 0.733 0.141 0.241
33 0.471 0.698 0.071 0.177
33 0.82 0.754 0.213 0.311
33 0.586 0.781 0.136 0.195
33 0.694 0.723 0.048 0.221
33 0.723 0.522 0.029 0.081
33 0.649 0.533 0.03 0.124
33 0.585 0.509 0.075 0.106
33 0.207 0.731 0.166 0.097
33 0.774 0.542 0.053 0.117
33 0.493 0.503 0.027 0.093
33 0.095 0.76 0.056 0.115
0 0.1 0.464 0.011 0.046
0 0.704 0.506 0.019 0.045
0 0.068 0.467 0.008 0.047
7 0.954 0.436 0.062 0.092
33 0.04 0.736 0.081 0.137
33 0.445 0.528 0.886 0.302
