5 0.479 0.475 0.293 0.452
5 0.248 0.499 0.177 0.323
5 0.656 0.505 0.072 0.175
5 0.76 0.516 0.074 0.134
24 0.82 0.585 0.075 0.122
24 0.922 0.57 0.023 0.057
26 0.12 0.571 0.01 0.01
0 0.823 0.679 0.114 0.436
0 0.951 0.596 0.047 0.179
0 0.906 0.603 0.057 0.18
0 0.388 0.525 0.034 0.048
0 0.098 0.585 0.02 0.086
0 0.073 0.587 0.019 0.078
26 0.081 0.574 0.011 0.028
0 0.985 0.575 0.018 0.109
0 0.057 0.581 0.015 0.074
0 0.114 0.57 0.015 0.056
0 0.886 0.587 0.018 0.146
0 0.08 0.556 0.015 0.029
0 0.046 0.561 0.013 0.045
26 0.99 0.566 0.011 0.025
0 0.155 0.578 0.013 0.07
26 0.1 0.571 0.014 0.019
26 0.151 0.59 0.011 0.022
0 0.902 0.653 0.036 0.071
