0 0.149 0.31 0.26 0.352
0 0.483 0.22 0.096 0.19
55 0.251 0.779 0.365 0.442
55 0.672 0.592 0.108 0.08
55 0.578 0.567 0.101 0.083
55 0.702 0.527 0.09 0.097
55 0.529 0.411 0.05 0.076
55 0.825 0.38 0.054 0.058
55 0.188 0.553 0.367 0.198
0 0.974 0.22 0.051 0.44
55 0.683 0.471 0.061 0.074
0 0.41 0.179 0.023 0.107
0 0.426 0.177 0.017 0.097
2 0.591 0.217 0.164 0.157
54 0.673 0.591 0.113 0.101
54 0.8 0.334 0.048 0.058
55 0.506 0.363 0.039 0.052
55 0.551 0.354 0.037 0.055
55 0.745 0.482 0.066 0.078
55 0.053 0.661 0.103 0.166
55 0.62 0.513 0.089 0.084
0 0.294 0.202 0.036 0.14
55 0.603 0.44 0.484 0.45
