32 0.482 0.05 0.014 0.019
56 0.8 0.217 0.057 0.042
56 0.894 0.289 0.045 0.033
38 0.323 0.316 0.085 0.107
0 0.337 0.515 0.14 0.559
0 0.153 0.337 0.077 0.086
0 0.298 0.339 0.047 0.077
0 0.207 0.268 0.049 0.105
0 0.292 0.272 0.048 0.094
0 0.293 0.239 0.056 0.107
0 0.342 0.262 0.053 0.073
0 0.335 0.214 0.084 0.166
0 0.519 0.267 0.054 0.117
0 0.71 0.294 0.054 0.064
0 0.268 0.133 0.035 0.075
56 0.864 0.335 0.043 0.041
56 0.578 0.254 0.046 0.046
56 0.916 0.334 0.049 0.043
56 0.96 0.334 0.046 0.037
56 0.939 0.301 0.047 0.063
56 0.835 0.215 0.048 0.041
56 0.772 0.189 0.043 0.062
56 0.853 0.177 0.048 0.039
56 0.666 0.253 0.044 0.04
56 0.888 0.173 0.036 0.031
0 0.187 0.151 0.05 0.103
56 0.629 0.085 0.038 0.01
0 0.212 0.339 0.046 0.079
56 0.495 0.177 0.986 0.346
0 0.503 0.185 0.991 0.371
