56 0.087 0.893 0.173 0.214
56 0.854 0.824 0.165 0.353
56 0.964 0.56 0.057 0.189
82 0.458 0.7 0.255 0.517
0 0.448 0.39 0.177 0.309
0 0.821 0.549 0.355 0.731
0 0.202 0.602 0.404 0.795
0 0.279 0.426 0.123 0.335
41 0.449 0.583 0.06 0.138
45 0.508 0.54 0.084 0.072
0 0.664 0.611 0.376 0.745
0 0.858 0.359 0.198 0.33
41 0.482 0.485 0.046 0.059
41 0.357 0.571 0.061 0.123
41 0.569 0.536 0.054 0.091
42 0.503 0.638 0.054 0.015
0 0.039 0.308 0.076 0.168
41 0.526 0.477 0.039 0.051
41 0.551 0.465 0.037 0.05
53 0.503 0.662 0.067 0.033
56 0.344 0.497 0.037 0.066
