0 0.674 0.653 0.406 0.644
74 0.862 0.886 0.009 0.019
33 0.464 0.481 0.285 0.301
39 0.304 0.939 0.028 0.058
39 0.36 0.932 0.03 0.053
39 0.415 0.918 0.034 0.039
39 0.414 0.862 0.028 0.042
39 0.387 0.863 0.033 0.052
40 0.275 0.804 0.03 0.054
40 0.304 0.809 0.027 0.048
41 0.935 0.391 0.027 0.052
41 0.966 0.387 0.035 0.054
41 0.964 0.166 0.054 0.053
41 0.98 0.565 0.02 0.033
45 0.956 0.807 0.087 0.053
47 0.93 0.772 0.02 0.019
75 0.352 0.698 0.046 0.097
39 0.362 0.873 0.027 0.058
39 0.331 0.872 0.03 0.058
39 0.301 0.874 0.03 0.059
39 0.274 0.879 0.029 0.059
39 0.334 0.936 0.027 0.052
39 0.36 0.981 0.033 0.038
39 0.276 0.987 0.029 0.026
40 0.365 0.8 0.026 0.066
40 0.336 0.805 0.028 0.071
40 0.394 0.804 0.019 0.078
41 0.436 0.73 0.03 0.032
41 0.89 0.762 0.042 0.064
41 0.959 0.567 0.031 0.04
41 0.877 0.399 0.019 0.057
47 0.975 0.789 0.024 0.015
47 0.941 0.784 0.018 0.013
47 0.971 0.773 0.02 0.025
39 0.318 0.866 0.015 0.042
39 0.581 0.849 0.578 0.298
