80 0.671 0.776 0.658 0.448
0 0.446 0.473 0.103 0.475
0 0.817 0.343 0.077 0.211
0 0.579 0.305 0.053 0.186
0 0.306 0.313 0.075 0.221
0 0.165 0.626 0.329 0.583
0 0.914 0.359 0.087 0.32
0 0.663 0.561 0.379 0.849
47 0.37 0.516 0.072 0.059
26 0.879 0.347 0.018 0.055
0 0.07 0.422 0.103 0.143
1 0.316 0.412 0.142 0.169
16 0.572 0.499 0.197 0.27
24 0.117 0.534 0.097 0.2
26 0.282 0.314 0.027 0.12
26 0.093 0.532 0.147 0.194
26 0.556 0.33 0.012 0.025
26 0.229 0.343 0.039 0.108
26 0.296 0.378 0.038 0.088
46 0.027 0.909 0.054 0.112
0 0.226 0.317 0.087 0.161
0 0.438 0.3 0.097 0.209
0 0.355 0.274 0.038 0.112
2 0.896 0.337 0.2 0.24
25 0.104 0.047 0.208 0.065
47 0.363 0.541 0.066 0.038
47 0.353 0.498 0.015 0.024
0 0.38 0.29 0.06 0.129
0 0.137 0.309 0.122 0.176
0 0.606 0.318 0.784 0.26
