2 0.231 0.432 0.069 0.108
2 0.804 0.52 0.206 0.184
67 0.189 0.391 0.009 0.014
7 0.079 0.354 0.157 0.387
26 0.206 0.514 0.017 0.07
0 0.179 0.464 0.089 0.329
0 0.072 0.48 0.098 0.328
0 0.317 0.388 0.026 0.132
0 0.249 0.378 0.021 0.094
0 0.34 0.34 0.021 0.052
0 0.396 0.337 0.02 0.03
0 0.274 0.392 0.033 0.125
0 0.979 0.459 0.041 0.232
0 0.896 0.407 0.017 0.077
0 0.132 0.458 0.046 0.247
0 0.363 0.339 0.026 0.034
0 0.289 0.388 0.02 0.124
19 0.584 0.586 0.544 0.586
0 0.258 0.369 0.018 0.093
2 0.964 0.404 0.015 0.116
