81 0.838 0.396 0.047 0.146
56 0.05 0.616 0.1 0.24
56 0.123 0.504 0.034 0.07
56 0.13 0.487 0.044 0.074
84 0.6 0.598 0.381 0.297
84 0.238 0.67 0.332 0.379
82 0.056 0.524 0.107 0.085
73 0.211 0.365 0.012 0.047
73 0.177 0.361 0.029 0.02
73 0.179 0.311 0.006 0.04
73 0.196 0.32 0.015 0.024
81 0.447 0.387 0.018 0.123
73 0.226 0.361 0.009 0.048
73 0.203 0.367 0.006 0.039
73 0.183 0.369 0.018 0.047
73 0.2 0.486 0.009 0.041
73 0.229 0.474 0.015 0.041
73 0.181 0.496 0.005 0.036
73 0.179 0.491 0.023 0.049
83 0.973 0.619 0.054 0.293
73 0.21 0.424 0.015 0.061
73 0.17 0.439 0.01 0.055
73 0.337 0.443 0.383 0.311
