14 0.527 0.63 0.029 0.024
14 0.616 0.628 0.049 0.03
14 0.656 0.64 0.043 0.032
14 0.808 0.62 0.041 0.028
14 0.568 0.623 0.045 0.023
14 0.38 0.621 0.026 0.01
19 0.828 0.516 0.128 0.112
19 0.688 0.515 0.074 0.114
19 0.725 0.437 0.112 0.085
19 0.559 0.517 0.097 0.122
19 0.506 0.507 0.044 0.132
19 0.465 0.516 0.054 0.123
19 0.41 0.514 0.058 0.137
19 0.281 0.5 0.14 0.111
19 0.28 0.45 0.106 0.063
19 0.221 0.446 0.064 0.071
19 0.094 0.469 0.11 0.082
19 0.393 0.465 0.092 0.08
19 0.443 0.432 0.073 0.057
19 0.603 0.518 0.085 0.121
19 0.209 0.433 0.071 0.054
14 0.528 0.619 0.032 0.021
19 0.411 0.407 0.08 0.046
14 0.505 0.633 0.015 0.013
14 0.736 0.62 0.046 0.022
19 0.502 0.371 0.961 0.217
