85 0.385 0.476 0.127 0.026
0 0.074 0.705 0.136 0.166
0 0.771 0.775 0.096 0.069
13 0.761 0.896 0.437 0.187
13 0.35 0.886 0.197 0.225
13 0.486 0.839 0.134 0.117
13 0.179 0.863 0.111 0.083
24 0.032 0.742 0.051 0.084
56 0.856 0.909 0.202 0.183
56 0.636 0.857 0.216 0.091
56 0.747 0.865 0.128 0.112
56 0.21 0.929 0.288 0.117
56 0.364 0.846 0.176 0.13
56 0.194 0.901 0.166 0.033
56 0.405 0.788 0.045 0.02
56 0.789 0.888 0.2 0.149
56 0.657 0.784 0.043 0.02
13 0.634 0.81 0.158 0.063
85 0.484 0.691 0.098 0.103
28 0.952 0.808 0.079 0.078
56 0.362 0.786 0.034 0.024
56 0.335 0.806 0.131 0.061
56 0.228 0.938 0.183 0.04
