83 0.761 0.519 0.054 0.161
39 0.131 0.271 0.025 0.059
39 0.081 0.27 0.016 0.043
82 0.891 0.849 0.219 0.279
59 0.515 0.524 0.083 0.17
67 0.932 0.976 0.049 0.047
72 0.13 0.673 0.203 0.628
73 0.822 0.649 0.057 0.032
73 0.818 0.701 0.067 0.035
73 0.818 0.686 0.065 0.034
73 0.83 0.569 0.038 0.015
73 0.826 0.482 0.066 0.024
73 0.816 0.663 0.055 0.038
39 0.387 0.708 0.034 0.048
84 0.314 0.537 0.101 0.068
81 0.822 0.199 0.093 0.219
73 0.82 0.506 0.083 0.029
56 0.94 0.705 0.121 0.067
73 0.815 0.679 0.066 0.029
73 0.828 0.58 0.033 0.009
73 0.827 0.4 0.065 0.012
73 0.828 0.41 0.074 0.015
68 0.308 0.715 0.115 0.09
73 0.815 0.768 0.058 0.081
73 0.832 0.482 0.111 0.496
