9 0.779 0.635 0.143 0.212
0 0.514 0.866 0.112 0.205
0 0.609 0.73 0.051 0.098
0 0.647 0.708 0.036 0.077
0 0.861 0.694 0.034 0.075
0 0.911 0.845 0.138 0.205
0 0.435 0.909 0.111 0.183
0 0.076 0.92 0.148 0.16
0 0.133 0.802 0.099 0.08
0 0.196 0.789 0.107 0.111
0 0.807 0.909 0.118 0.181
24 0.862 0.806 0.039 0.052
0 0.476 0.715 0.037 0.086
24 0.673 0.98 0.075 0.036
26 0.513 0.814 0.051 0.05
26 0.404 0.878 0.02 0.052
26 0.855 0.886 0.053 0.065
0 0.3 0.901 0.121 0.199
0 0.942 0.665 0.025 0.047
0 0.499 0.812 0.998 0.373
