73 0.831 0.127 0.037 0.03
28 0.465 0.058 0.238 0.054
28 0.462 0.12 0.276 0.09
28 0.466 0.19 0.314 0.062
28 0.446 0.259 0.406 0.105
28 0.46 0.326 0.411 0.117
28 0.458 0.402 0.381 0.087
28 0.445 0.478 0.362 0.092
28 0.452 0.541 0.371 0.097
28 0.446 0.627 0.351 0.121
28 0.394 0.724 0.402 0.117
28 0.397 0.809 0.435 0.119
28 0.219 0.579 0.147 0.233
73 0.895 0.183 0.075 0.038
73 0.786 0.129 0.039 0.033
73 0.751 0.152 0.038 0.024
73 0.882 0.11 0.073 0.036
73 0.781 0.09 0.033 0.029
73 0.792 0.137 0.039 0.027
73 0.869 0.038 0.064 0.039
73 0.887 0.132 0.087 0.038
28 0.647 0.737 0.094 0.151
28 0.338 0.188 0.331 0.105
