56 0.12 0.296 0.116 0.029
56 0.13 0.212 0.119 0.027
0 0.57 0.465 0.52 0.678
0 0.756 0.359 0.156 0.111
0 0.19 0.33 0.179 0.096
0 0.05 0.33 0.1 0.1
0 0.72 0.074 0.2 0.117
35 0.629 0.367 0.151 0.08
0 0.114 0.154 0.227 0.126
0 0.345 0.078 0.154 0.156
0 0.468 0.052 0.126 0.091
56 0.143 0.242 0.14 0.031
56 0.259 0.214 0.127 0.032
56 0.146 0.272 0.132 0.03
56 0.045 0.269 0.089 0.034
56 0.247 0.184 0.136 0.03
56 0.369 0.185 0.109 0.033
0 0.695 0.238 0.128 0.1
0 0.572 0.046 0.152 0.09
56 0.036 0.239 0.072 0.027
56 0.034 0.213 0.061 0.028
56 0.26 0.242 0.126 0.032
0 0.943 0.357 0.114 0.112
0 0.287 0.326 0.098 0.111
0 0.856 0.32 0.087 0.076
0 0.827 0.227 0.34 0.297
