40 0.713 0.943 0.164 0.115
40 0.909 0.927 0.088 0.102
40 0.274 0.61 0.047 0.071
41 0.513 0.539 0.039 0.037
0 0.913 0.567 0.174 0.239
0 0.055 0.561 0.107 0.196
0 0.271 0.524 0.139 0.129
0 0.769 0.481 0.084 0.095
0 0.666 0.489 0.097 0.073
39 0.388 0.669 0.053 0.149
39 0.548 0.535 0.031 0.057
40 0.143 0.701 0.051 0.097
40 0.137 0.656 0.053 0.051
40 0.4 0.566 0.026 0.057
40 0.744 0.549 0.022 0.019
40 0.475 0.512 0.015 0.013
40 0.969 0.938 0.062 0.121
40 0.195 0.675 0.055 0.071
40 0.725 0.56 0.015 0.029
42 0.931 0.772 0.138 0.016
43 0.923 0.786 0.155 0.01
43 0.904 0.694 0.074 0.005
43 0.078 0.663 0.063 0.005
0 0.479 0.465 0.083 0.103
0 0.855 0.421 0.052 0.062
0 0.797 0.431 0.05 0.048
0 0.141 0.527 0.141 0.225
0 0.262 0.481 0.104 0.078
0 0.901 0.414 0.054 0.056
0 0.958 0.483 0.084 0.075
39 0.457 0.491 0.009 0.027
39 0.689 0.466 0.027 0.016
39 0.583 0.512 0.013 0.03
40 0.818 0.778 0.076 0.145
41 0.78 0.82 0.098 0.142
41 0.742 0.664 0.071 0.061
41 0.707 0.6 0.039 0.047
41 0.735 0.741 0.092 0.092
41 0.712 0.641 0.054 0.046
44 0.722 0.856 0.048 0.018
82 0.4 0.771 0.79 0.425
0 0.352 0.515 0.1 0.068
40 0.804 0.662 0.039 0.09
41 0.275 0.583 0.036 0.015
40 0.512 0.722 0.762 0.459
