0 0.526 0.464 0.097 0.345
0 0.573 0.538 0.061 0.148
0 0.505 0.309 0.059 0.136
0 0.58 0.441 0.033 0.073
75 0.536 0.86 0.054 0.15
75 0.295 0.842 0.035 0.202
75 0.706 0.868 0.061 0.241
75 0.429 0.81 0.057 0.236
75 0.678 0.912 0.069 0.176
75 0.15 0.909 0.051 0.182
75 0.121 0.859 0.02 0.107
75 0.141 0.795 0.1 0.172
75 0.202 0.815 0.025 0.113
75 0.753 0.894 0.066 0.213
75 0.832 0.886 0.057 0.197
75 0.797 0.906 0.075 0.186
45 0.046 0.23 0.035 0.072
45 0.111 0.591 0.046 0.078
75 0.729 0.681 0.108 0.293
45 0.082 0.596 0.03 0.061
75 0.295 0.446 0.358 0.534
