84 0.366 0.571 0.278 0.235
56 0.885 0.814 0.136 0.338
56 0.463 0.624 0.096 0.202
56 0.596 0.518 0.128 0.114
84 0.6 0.513 0.143 0.116
82 0.596 0.782 0.56 0.412
44 0.422 0.84 0.072 0.079
41 0.494 0.758 0.033 0.126
42 0.613 0.948 0.059 0.099
43 0.644 0.963 0.054 0.074
43 0.539 0.715 0.056 0.022
44 0.403 0.84 0.058 0.067
44 0.772 0.808 0.077 0.039
44 0.778 0.631 0.011 0.017
44 0.69 0.992 0.022 0.015
44 0.535 0.704 0.063 0.021
45 0.542 0.568 0.053 0.031
56 0.398 0.9 0.227 0.178
75 0.675 0.58 0.068 0.203
40 0.648 0.76 0.064 0.203
40 0.721 0.619 0.049 0.109
40 0.594 0.635 0.041 0.082
40 0.657 0.554 0.017 0.046
41 0.752 0.606 0.023 0.075
41 0.712 0.712 0.032 0.115
41 0.048 0.477 0.032 0.052
41 0.083 0.489 0.011 0.021
43 0.801 0.706 0.081 0.041
44 0.789 0.634 0.022 0.028
56 0.756 0.568 0.089 0.112
56 0.349 0.656 0.191 0.231
81 0.681 0.547 0.127 0.35
81 0.657 0.368 0.018 0.082
42 0.772 0.797 0.078 0.035
