39 0.156 0.39 0.056 0.233
56 0.927 0.556 0.029 0.119
82 0.476 0.634 0.95 0.708
0 0.465 0.364 0.332 0.467
0 0.748 0.397 0.353 0.704
0 0.094 0.348 0.185 0.696
41 0.353 0.618 0.099 0.288
41 0.472 0.587 0.07 0.167
42 0.228 0.904 0.247 0.192
42 0.37 0.241 0.077 0.1
43 0.092 0.884 0.184 0.165
53 0.647 0.771 0.437 0.26
53 0.201 0.57 0.209 0.126
0 0.859 0.34 0.082 0.171
0 0.947 0.396 0.107 0.246
41 0.252 0.456 0.044 0.115
42 0.695 0.666 0.149 0.025
43 0.518 0.608 0.027 0.061
53 0.25 0.831 0.194 0.136
53 0.576 0.633 0.128 0.079
82 0.962 0.606 0.076 0.132
