0 0.601 0.436 0.04 0.098
0 0.788 0.45 0.026 0.049
0 0.873 0.459 0.04 0.031
0 0.726 0.396 0.025 0.028
0 0.33 0.396 0.017 0.04
0 0.287 0.42 0.038 0.054
0 0.236 0.425 0.033 0.057
37 0.862 0.467 0.018 0.01
37 0.612 0.493 0.067 0.018
37 0.337 0.405 0.042 0.023
37 0.182 0.429 0.024 0.019
37 0.656 0.381 0.036 0.051
37 0.058 0.484 0.086 0.022
0 0.67 0.439 0.019 0.035
0 0.052 0.472 0.028 0.047
0 0.161 0.413 0.024 0.055
0 0.87 0.385 0.024 0.035
37 0.669 0.439 0.038 0.033
0 0.413 0.429 0.015 0.062
0 0.25 0.401 0.015 0.022
37 0.415 0.421 0.048 0.046
0 0.239 0.405 0.403 0.026
