81 0.525 0.078 0.143 0.113
81 0.754 0.098 0.1 0.134
39 0.299 0.586 0.044 0.171
39 0.224 0.533 0.043 0.129
72 0.787 0.582 0.117 0.698
43 0.257 0.416 0.006 0.031
43 0.267 0.415 0.012 0.037
43 0.272 0.429 0.01 0.038
43 0.291 0.43 0.011 0.034
69 0.537 0.609 0.186 0.416
71 0.287 0.56 0.094 0.042
43 0.271 0.42 0.012 0.032
43 0.288 0.458 0.014 0.034
45 0.284 0.508 0.026 0.03
39 0.191 0.492 0.013 0.054
40 0.062 0.618 0.045 0.184
40 0.176 0.567 0.035 0.089
40 0.145 0.568 0.038 0.106
43 0.278 0.4 0.004 0.012
43 0.282 0.432 0.004 0.027
43 0.285 0.428 0.006 0.031
43 0.276 0.43 0.01 0.037
39 0.736 0.461 0.019 0.025
41 0.797 0.216 0.028 0.056
