39 0.463 0.509 0.08 0.132
39 0.358 0.454 0.07 0.117
67 0.231 0.758 0.194 0.059
41 0.371 0.551 0.056 0.08
41 0.831 0.708 0.113 0.168
41 0.458 0.648 0.101 0.157
42 0.323 0.941 0.444 0.119
42 0.345 0.909 0.405 0.113
42 0.271 0.644 0.204 0.033
42 0.35 0.632 0.127 0.026
44 0.845 0.927 0.286 0.145
44 0.253 0.73 0.302 0.038
55 0.698 0.75 0.109 0.053
0 0.906 0.408 0.188 0.339
0 0.138 0.649 0.267 0.188
0 0.088 0.444 0.177 0.269
0 0.791 0.436 0.235 0.373
0 0.194 0.42 0.058 0.143
0 0.25 0.398 0.094 0.078
0 0.649 0.442 0.219 0.205
0 0.54 0.411 0.12 0.148
0 0.636 0.337 0.05 0.036
40 0.365 0.461 0.044 0.037
41 0.342 0.495 0.031 0.036
42 0.704 0.68 0.067 0.023
42 0.736 0.67 0.087 0.022
43 0.259 0.614 0.196 0.007
43 0.936 0.692 0.112 0.017
43 0.754 0.704 0.048 0.006
44 0.309 0.593 0.05 0.016
82 0.211 0.418 0.05 0.032
0 0.733 0.356 0.096 0.142
0 0.283 0.394 0.05 0.054
41 0.555 0.666 0.08 0.096
41 0.416 0.496 0.038 0.034
82 0.505 0.706 0.99 0.561
0 0.16 0.428 0.061 0.147
40 0.948 0.808 0.104 0.214
40 0.852 0.448 0.083 0.136
0 0.927 0.617 0.146 0.102
41 0.515 0.558 0.055 0.075
44 0.886 0.778 0.031 0.019
0 0.438 0.383 0.872 0.238
