0 0.796 0.867 0.151 0.204
0 0.668 0.383 0.208 0.218
0 0.405 0.198 0.056 0.119
0 0.796 0.12 0.054 0.106
0 0.183 0.712 0.063 0.078
0 0.392 0.655 0.049 0.052
0 0.795 0.612 0.051 0.106
0 0.237 0.634 0.043 0.097
0 0.957 0.602 0.048 0.128
0 0.033 0.638 0.057 0.112
37 0.387 0.203 0.024 0.057
0 0.963 0.098 0.044 0.11
0 0.878 0.106 0.04 0.094
1 0.551 0.131 0.042 0.044
1 0.554 0.621 0.048 0.047
1 0.527 0.13 0.054 0.029
1 0.702 0.619 0.051 0.04
1 0.68 0.129 0.03 0.024
0 0.452 0.347 0.123 0.319
37 0.749 0.887 0.233 0.2
37 0.409 0.698 0.107 0.071
37 0.345 0.358 0.133 0.163
37 0.181 0.222 0.135 0.021
37 0.642 0.488 0.212 0.042
37 0.179 0.713 0.127 0.013
0 0.497 0.358 0.986 0.684
