0 0.811 0.496 0.33 0.973
0 0.41 0.099 0.133 0.143
46 0.042 0.647 0.084 0.051
46 0.087 0.612 0.174 0.124
46 0.406 0.457 0.109 0.165
46 0.166 0.65 0.125 0.112
46 0.483 0.582 0.042 0.117
46 0.473 0.383 0.124 0.068
46 0.346 0.477 0.073 0.121
46 0.451 0.624 0.121 0.173
46 0.226 0.575 0.111 0.192
46 0.368 0.632 0.095 0.143
46 0.435 0.442 0.065 0.097
56 0.098 0.295 0.09 0.345
56 0.055 0.267 0.111 0.378
56 0.38 0.206 0.088 0.124
56 0.574 0.234 0.066 0.173
56 0.316 0.183 0.072 0.137
56 0.631 0.226 0.069 0.105
56 0.74 0.171 0.074 0.04
56 0.494 0.138 0.061 0.083
56 0.321 0.095 0.07 0.105
56 0.104 0.096 0.065 0.088
56 0.233 0.105 0.069 0.088
56 0.457 0.186 0.075 0.086
46 0.096 0.525 0.141 0.119
82 0.209 0.22 0.155 0.041
82 0.8 0.303 0.061 0.114
82 0.957 0.699 0.086 0.402
46 0.572 0.645 0.089 0.091
56 0.52 0.217 0.07 0.08
82 0.481 0.247 0.138 0.075
82 0.721 0.288 0.115 0.205
46 0.47 0.577 0.547 0.504
