0 0.863 0.811 0.153 0.238
0 0.143 0.199 0.085 0.117
0 0.526 0.25 0.087 0.062
0 0.205 0.515 0.077 0.074
35 0.436 0.703 0.022 0.021
0 0.498 0.52 0.095 0.064
0 0.421 0.472 0.034 0.036
0 0.405 0.52 0.071 0.072
0 0.66 0.245 0.054 0.042
0 0.337 0.751 0.192 0.195
0 0.32 0.521 0.062 0.065
0 0.553 0.482 0.062 0.067
0 0.661 0.458 0.068 0.041
13 0.506 0.17 0.988 0.335
0 0.752 0.279 0.067 0.031
13 0.405 0.682 0.651 0.037
13 0.499 0.425 0.998 0.312
56 0.448 0.134 0.034 0.02
56 0.567 0.446 0.037 0.016
56 0.43 0.174 0.044 0.012
56 0.377 0.472 0.046 0.018
56 0.605 0.447 0.037 0.016
56 0.868 0.439 0.032 0.014
0 0.499 0.358 0.998 0.716
