2 0.725 0.817 0.228 0.218
2 0.979 0.781 0.042 0.079
10 0.363 0.887 0.046 0.137
0 0.041 0.857 0.082 0.278
0 0.207 0.81 0.059 0.107
0 0.273 0.792 0.041 0.075
0 0.23 0.79 0.026 0.056
1 0.505 0.86 0.042 0.123
7 0.928 0.797 0.139 0.142
12 0.61 0.804 0.034 0.197
56 0.246 0.868 0.136 0.105
56 0.432 0.853 0.036 0.091
56 0.37 0.837 0.041 0.05
56 0.5 0.844 0.019 0.061
56 0.558 0.844 0.036 0.068
56 0.472 0.805 0.032 0.024
56 0.302 0.823 0.018 0.014
81 0.388 0.805 0.015 0.04
0 0.153 0.791 0.048 0.072
2 0.871 0.818 0.097 0.137
56 0.16 0.863 0.061 0.11
56 0.538 0.851 0.012 0.074
56 0.581 0.835 0.028 0.089
81 0.452 0.801 0.012 0.041
82 0.345 0.851 0.022 0.057
82 0.46 0.842 0.074 0.058
82 0.573 0.825 0.043 0.042
82 0.41 0.847 0.055 0.052
82 0.259 0.848 0.052 0.061
82 0.539 0.833 0.014 0.048
75 0.389 0.82 0.01 0.01
75 0.404 0.803 0.009 0.012
75 0.453 0.816 0.008 0.009
75 0.474 0.8 0.009 0.008
75 0.501 0.809 0.007 0.01
75 0.567 0.804 0.007 0.012
81 0.475 0.786 0.018 0.034
