81 0.841 0.581 0.283 0.39
83 0.522 0.396 0.142 0.164
56 0.465 0.712 0.276 0.447
56 0.98 0.429 0.039 0.211
63 0.646 0.458 0.126 0.139
64 0.577 0.535 0.029 0.026
66 0.5 0.492 0.151 0.058
84 0.11 0.839 0.216 0.3
73 0.986 0.272 0.015 0.057
73 0.986 0.116 0.012 0.059
73 0.975 0.269 0.017 0.057
73 0.962 0.268 0.011 0.056
73 0.965 0.352 0.011 0.043
73 0.983 0.198 0.024 0.057
73 0.967 0.194 0.022 0.056
73 0.995 0.202 0.007 0.046
73 0.992 0.273 0.016 0.05
73 0.968 0.116 0.012 0.056
73 0.997 0.12 0.006 0.044
73 0.977 0.115 0.011 0.055
66 0.648 0.494 0.082 0.033
73 0.953 0.421 0.024 0.037
73 0.791 0.385 0.416 0.292
