0 0.334 0.378 0.213 0.358
0 0.604 0.376 0.232 0.41
0 0.85 0.474 0.3 0.575
63 0.592 0.74 0.353 0.521
63 0.648 0.573 0.268 0.232
63 0.235 0.513 0.202 0.146
63 0.206 0.673 0.41 0.625
64 0.783 0.769 0.128 0.059
66 0.817 0.87 0.202 0.229
0 0.92 0.179 0.078 0.158
0 0.083 0.3 0.16 0.202
0 0.909 0.922 0.183 0.136
0 0.602 0.153 0.056 0.06
0 0.503 0.27 0.14 0.288
41 0.086 0.6 0.069 0.131
63 0.723 0.275 0.057 0.11
66 0.584 0.858 0.172 0.207
66 0.683 0.629 0.107 0.078
66 0.025 0.611 0.047 0.058
41 0.442 0.934 0.1 0.131
41 0.453 0.893 0.12 0.2
41 0.595 0.672 0.076 0.169
66 0.312 0.544 0.032 0.03
0 0.777 0.303 0.122 0.32
