32 0.546 0.68 0.025 0.026
32 0.862 0.24 0.012 0.012
32 0.07 0.349 0.01 0.007
32 0.532 0.307 0.008 0.009
32 0.656 0.363 0.009 0.007
32 0.671 0.531 0.017 0.013
32 0.771 0.271 0.007 0.006
32 0.663 0.284 0.007 0.006
32 0.65 0.529 0.015 0.008
0 0.165 0.382 0.159 0.518
0 0.283 0.308 0.168 0.467
0 0.571 0.658 0.221 0.207
0 0.451 0.323 0.143 0.441
0 0.92 0.185 0.019 0.049
0 0.956 0.19 0.021 0.04
34 0.479 0.641 0.269 0.021
34 0.223 0.87 0.085 0.101
0 0.209 0.122 0.058 0.04
0 0.406 0.176 0.026 0.036
34 0.248 0.591 0.023 0.051
34 0.401 0.444 0.017 0.2
0 0.379 0.168 0.021 0.057
32 0.413 0.367 0.011 0.013
34 0.337 0.432 0.032 0.178
0 0.891 0.151 0.011 0.023
0 0.833 0.151 0.011 0.02
0 0.774 0.137 0.022 0.03
