0 0.354 0.372 0.309 0.312
0 0.655 0.353 0.321 0.409
0 0.261 0.797 0.355 0.28
55 0.822 0.645 0.292 0.137
55 0.534 0.813 0.081 0.062
55 0.84 0.848 0.159 0.092
55 0.614 0.968 0.166 0.064
55 0.577 0.591 0.119 0.037
55 0.8 0.564 0.095 0.074
0 0.073 0.829 0.143 0.342
0 0.957 0.388 0.086 0.193
43 0.73 0.565 0.051 0.032
55 0.452 0.807 0.091 0.066
0 0.244 0.401 0.488 0.526
0 0.286 0.891 0.416 0.217
0 0.618 0.183 0.13 0.122
26 0.215 0.703 0.361 0.258
55 0.945 0.958 0.111 0.07
55 0.882 0.946 0.211 0.095
42 0.613 0.64 0.074 0.021
