39 0.928 0.117 0.123 0.233
39 0.982 0.145 0.037 0.27
41 0.838 0.115 0.061 0.113
52 0.425 0.57 0.199 0.107
52 0.726 0.756 0.147 0.064
52 0.603 0.611 0.143 0.054
52 0.498 0.662 0.175 0.068
52 0.455 0.635 0.2 0.092
52 0.216 0.681 0.289 0.126
52 0.213 0.623 0.284 0.112
52 0.503 0.706 0.217 0.101
52 0.398 0.558 0.182 0.097
52 0.591 0.784 0.162 0.058
52 0.329 0.479 0.207 0.074
0 0.972 0.579 0.056 0.381
0 0.934 0.859 0.133 0.261
52 0.218 0.721 0.279 0.127
0 0.088 0.21 0.175 0.421
52 0.353 0.523 0.224 0.09
52 0.505 0.489 0.93 0.978
