17 0.927 0.628 0.047 0.267
17 0.186 0.766 0.084 0.399
17 0.757 0.661 0.072 0.286
17 0.669 0.721 0.105 0.434
17 0.562 0.755 0.067 0.365
17 0.317 0.775 0.091 0.425
17 0.269 0.737 0.052 0.407
17 0.467 0.732 0.084 0.469
17 0.833 0.655 0.064 0.238
7 0.171 0.55 0.232 0.214
7 0.359 0.472 0.135 0.138
0 0.191 0.615 0.111 0.328
0 0.04 0.657 0.031 0.177
0 0.01 0.656 0.02 0.177
0 0.284 0.506 0.056 0.123
0 0.417 0.544 0.038 0.133
0 0.392 0.606 0.055 0.25
0 0.477 0.582 0.111 0.315
0 0.772 0.544 0.075 0.256
0 0.672 0.58 0.132 0.344
0 0.354 0.64 0.082 0.39
17 0.884 0.581 0.036 0.151
0 0.57 0.517 0.082 0.196
0 0.931 0.502 0.061 0.219
0 0.847 0.553 0.07 0.215
17 0.421 0.602 0.018 0.06
17 0.957 0.561 0.023 0.1
0 0.712 0.64 0.573 0.492
