40 0.279 0.768 0.122 0.215
40 0.227 0.897 0.192 0.207
40 0.221 0.782 0.156 0.143
40 0.907 0.723 0.069 0.142
40 0.114 0.829 0.211 0.241
40 0.967 0.696 0.054 0.069
40 0.969 0.789 0.062 0.16
55 0.723 0.74 0.554 0.495
40 0.347 0.738 0.03 0.143
40 0.38 0.775 0.109 0.15
40 0.544 0.726 0.034 0.122
41 0.279 0.765 0.121 0.21
41 0.226 0.9 0.191 0.2
41 0.384 0.884 0.126 0.171
41 0.906 0.73 0.071 0.142
41 0.97 0.762 0.059 0.11
41 0.965 0.699 0.053 0.071
41 0.535 0.726 0.062 0.112
41 0.464 0.815 0.064 0.161
82 0.197 0.956 0.394 0.06
40 0.514 0.708 0.034 0.081
40 0.085 0.828 0.139 0.344
