24 0.233 0.767 0.029 0.055
26 0.849 0.826 0.03 0.057
28 0.291 0.81 0.038 0.061
0 0.221 0.798 0.046 0.156
26 0.874 0.789 0.019 0.042
26 0.368 0.76 0.022 0.042
0 0.655 0.702 0.019 0.079
0 0.293 0.777 0.031 0.161
0 0.844 0.8 0.049 0.175
0 0.147 0.801 0.049 0.192
0 0.624 0.793 0.056 0.184
0 0.11 0.789 0.042 0.162
0 0.376 0.768 0.036 0.147
0 0.743 0.784 0.033 0.167
0 0.598 0.725 0.032 0.089
0 0.606 0.781 0.02 0.166
24 0.642 0.775 0.015 0.033
24 0.963 0.79 0.021 0.052
24 0.697 0.804 0.022 0.071
0 0.88 0.797 0.053 0.16
0 0.717 0.784 0.037 0.181
0 0.636 0.792 0.62 0.224
