82 0.456 0.801 0.705 0.329
0 0.258 0.561 0.103 0.281
0 0.264 0.699 0.327 0.461
0 0.601 0.534 0.171 0.246
0 0.694 0.697 0.264 0.494
0 0.3 0.412 0.04 0.051
0 0.476 0.438 0.074 0.089
0 0.743 0.482 0.103 0.172
13 0.16 0.823 0.124 0.062
13 0.748 0.814 0.129 0.045
45 0.541 0.663 0.052 0.031
0 0.301 0.516 0.102 0.204
0 0.423 0.443 0.063 0.068
0 0.39 0.456 0.082 0.087
41 0.533 0.629 0.035 0.04
41 0.346 0.608 0.029 0.047
45 0.354 0.569 0.031 0.014
67 0.341 0.682 0.062 0.016
0 0.548 0.399 0.045 0.046
0 0.199 0.448 0.052 0.06
0 0.53 0.465 0.05 0.122
