0 0.443 0.483 0.068 0.211
0 0.332 0.112 0.069 0.176
0 0.486 0.124 0.196 0.207
0 0.66 0.077 0.075 0.105
0 0.739 0.745 0.07 0.07
0 0.906 0.153 0.155 0.261
0 0.116 0.483 0.128 0.198
0 0.831 0.487 0.076 0.208
0 0.32 0.774 0.081 0.173
0 0.084 0.751 0.074 0.135
36 0.315 0.861 0.12 0.045
36 0.546 0.901 0.234 0.082
36 0.441 0.208 0.137 0.061
36 0.797 0.815 0.223 0.112
36 0.432 0.475 0.816 0.728
0 0.699 0.516 0.079 0.267
36 0.913 0.297 0.13 0.096
0 0.523 0.792 0.17 0.213
0 0.92 0.764 0.12 0.167
0 0.777 0.482 0.048 0.215
