25 0.33 0.162 0.543 0.27
0 0.294 0.644 0.335 0.713
0 0.064 0.359 0.009 0.036
0 0.133 0.355 0.015 0.034
0 0.556 0.611 0.062 0.186
0 0.009 0.346 0.01 0.022
0 0.019 0.357 0.009 0.008
25 0.802 0.339 0.021 0.041
25 0.738 0.336 0.048 0.026
25 0.748 0.362 0.044 0.016
25 0.581 0.343 0.027 0.016
25 0.531 0.349 0.027 0.013
25 0.521 0.324 0.029 0.009
25 0.705 0.352 0.023 0.008
25 0.777 0.359 0.028 0.01
25 0.816 0.357 0.029 0.015
25 0.109 0.34 0.034 0.011
25 0.406 0.349 0.034 0.014
25 0.634 0.346 0.029 0.012
0 0.486 0.635 0.153 0.73
0 0.207 0.37 0.011 0.048
25 0.742 0.349 0.513 0.041
