83 0.449 0.485 0.383 0.321
74 0.794 0.816 0.086 0.143
41 0.576 0.69 0.046 0.051
45 0.042 0.877 0.055 0.051
0 0.547 0.486 0.147 0.21
73 0.33 0.907 0.013 0.1
73 0.407 0.896 0.009 0.072
73 0.485 0.915 0.009 0.104
73 0.561 0.934 0.006 0.108
73 0.449 0.919 0.453 0.135
74 0.674 0.417 0.03 0.041
74 0.382 0.245 0.027 0.033
0 0.39 0.508 0.195 0.165
41 0.252 0.674 0.027 0.05
75 0.52 0.672 0.061 0.083
75 0.308 0.66 0.03 0.077
75 0.384 0.666 0.058 0.083
75 0.209 0.646 0.059 0.099
75 0.685 0.66 0.049 0.103
75 0.747 0.851 0.042 0.086
75 0.921 0.592 0.056 0.09
75 0.627 0.658 0.05 0.103
75 0.576 0.689 0.042 0.047
75 0.341 0.674 0.026 0.058
75 0.252 0.673 0.028 0.049
39 0.104 0.829 0.055 0.102
