14 0.168 0.455 0.04 0.077
14 0.382 0.227 0.087 0.067
14 0.627 0.494 0.088 0.072
14 0.946 0.619 0.075 0.03
14 0.64 0.621 0.07 0.025
14 0.144 0.445 0.026 0.011
14 0.117 0.429 0.032 0.012
14 0.171 0.656 0.065 0.023
14 0.18 0.631 0.059 0.031
14 0.616 0.773 0.104 0.051
14 0.415 0.317 0.021 0.015
14 0.444 0.314 0.028 0.022
14 0.46 0.279 0.021 0.011
14 0.553 0.254 0.018 0.01
14 0.706 0.222 0.02 0.014
14 0.684 0.263 0.025 0.008
14 0.594 0.592 0.066 0.048
14 0.834 0.243 0.022 0.014
14 0.336 0.431 0.033 0.016
14 0.482 0.305 0.942 0.279
