37 0.494 0.816 0.097 0.179
37 0.862 0.797 0.157 0.157
37 0.269 0.835 0.101 0.194
37 0.109 0.774 0.136 0.061
24 0.21 0.602 0.071 0.049
0 0.132 0.771 0.16 0.264
0 0.274 0.77 0.137 0.258
0 0.747 0.724 0.086 0.21
0 0.372 0.561 0.104 0.331
0 0.451 0.546 0.089 0.346
0 0.523 0.559 0.078 0.289
0 0.833 0.584 0.069 0.233
0 0.571 0.716 0.079 0.235
0 0.562 0.663 0.112 0.226
0 0.282 0.539 0.081 0.309
0 0.581 0.519 0.057 0.2
0 0.73 0.57 0.09 0.326
1 0.06 0.415 0.051 0.035
1 0.39 0.411 0.043 0.031
0 0.041 0.538 0.058 0.208
