39 0.102 0.427 0.02 0.064
45 0.424 0.877 0.031 0.025
69 0.102 0.947 0.111 0.106
69 0.551 0.923 0.111 0.151
39 0.963 0.382 0.027 0.113
39 0.215 0.615 0.029 0.064
39 0.827 0.683 0.017 0.027
81 0.569 0.846 0.049 0.074
81 0.519 0.845 0.059 0.076
81 0.457 0.768 0.039 0.062
81 0.496 0.772 0.045 0.056
73 0.964 0.68 0.067 0.14
81 0.57 0.778 0.014 0.02
81 0.587 0.778 0.021 0.034
81 0.61 0.777 0.019 0.023
81 0.631 0.777 0.026 0.02
81 0.421 0.773 0.037 0.056
73 0.962 0.698 0.02 0.116
73 0.992 0.713 0.016 0.114
73 0.988 0.702 0.022 0.141
39 0.162 0.508 0.02 0.037
69 0.077 0.914 0.154 0.17
