56 0.212 0.827 0.125 0.346
56 0.173 0.519 0.128 0.226
56 0.855 0.391 0.091 0.158
82 0.84 0.762 0.32 0.447
0 0.264 0.295 0.07 0.131
0 0.406 0.638 0.403 0.724
0 0.894 0.346 0.097 0.248
82 0.132 0.518 0.264 0.306
41 0.661 0.73 0.058 0.095
82 0.511 0.403 0.093 0.142
63 0.478 0.562 0.166 0.168
66 0.543 0.682 0.143 0.085
56 0.857 0.583 0.09 0.072
81 0.763 0.416 0.087 0.283
64 0.566 0.76 0.039 0.01
76 0.69 0.651 0.031 0.068
0 0.518 0.287 0.063 0.13
0 0.033 0.32 0.043 0.129
81 0.176 0.361 0.031 0.06
81 0.366 0.25 0.019 0.055
83 0.619 0.542 0.149 0.263
83 0.331 0.293 0.091 0.066
83 0.105 0.324 0.107 0.146
83 0.941 0.275 0.054 0.077
56 0.501 0.296 0.004 0.008
