27 0.586 0.593 0.018 0.105
27 0.251 0.745 0.01 0.042
27 0.26 0.213 0.014 0.059
0 0.057 0.671 0.108 0.464
0 0.586 0.594 0.1 0.33
0 0.929 0.665 0.119 0.407
0 0.225 0.328 0.072 0.255
0 0.338 0.807 0.135 0.316
0 0.625 0.466 0.084 0.312
0 0.488 0.375 0.083 0.326
0 0.579 0.306 0.086 0.247
0 0.773 0.342 0.103 0.239
0 0.429 0.202 0.09 0.211
0 0.351 0.204 0.055 0.207
0 0.46 0.473 0.086 0.307
27 0.434 0.197 0.024 0.018
27 0.453 0.75 0.011 0.05
27 0.141 0.309 0.015 0.026
27 0.657 0.296 0.014 0.018
27 0.712 0.255 0.019 0.089
27 0.566 0.754 0.015 0.052
27 0.674 0.755 0.021 0.044
27 0.784 0.762 0.016 0.036
27 0.879 0.339 0.012 0.038
0 0.37 0.609 0.099 0.323
27 0.521 0.199 0.01 0.021
27 0.454 0.27 0.723 0.155
0 0.499 0.535 0.998 0.911
