0 0.494 0.72 0.094 0.225
0 0.561 0.726 0.097 0.254
0 0.984 0.227 0.032 0.137
0 0.763 0.738 0.103 0.259
0 0.681 0.736 0.1 0.254
0 0.866 0.587 0.037 0.087
0 0.954 0.521 0.089 0.212
0 0.836 0.208 0.051 0.154
0 0.6 0.425 0.055 0.177
0 0.561 0.432 0.097 0.181
0 0.432 0.501 0.066 0.172
0 0.305 0.448 0.078 0.228
27 0.285 0.674 0.011 0.053
27 0.365 0.664 0.012 0.043
27 0.372 0.533 0.012 0.049
27 0.555 0.715 0.013 0.052
27 0.831 0.707 0.017 0.048
27 0.71 0.543 0.01 0.071
27 0.595 0.41 0.007 0.015
27 0.772 0.731 0.026 0.05
27 0.941 0.661 0.006 0.028
27 0.055 0.53 0.011 0.026
27 0.112 0.538 0.008 0.029
27 0.65 0.526 0.007 0.034
0 0.558 0.521 0.056 0.185
27 0.477 0.435 0.011 0.044
27 0.583 0.397 0.819 0.421
0 0.5 0.519 0.997 0.838
