84 0.461 0.412 0.306 0.144
74 0.279 0.48 0.037 0.046
56 0.148 0.519 0.136 0.229
56 0.205 0.45 0.094 0.183
56 0.954 0.834 0.091 0.261
63 0.514 0.399 0.052 0.053
73 0.089 0.276 0.011 0.057
73 0.081 0.269 0.013 0.074
73 0.096 0.371 0.032 0.057
73 0.153 0.34 0.008 0.046
73 0.122 0.353 0.019 0.057
73 0.127 0.432 0.014 0.044
73 0.118 0.263 0.016 0.055
73 0.149 0.261 0.008 0.048
73 0.263 0.368 0.045 0.009
73 0.168 0.332 0.017 0.052
73 0.089 0.333 0.02 0.02
73 0.263 0.39 0.051 0.011
73 0.265 0.373 0.046 0.008
