81 0.351 0.662 0.209 0.41
83 0.202 0.329 0.183 0.228
0 0.635 0.427 0.235 0.411
0 0.723 0.467 0.375 0.736
84 0.685 0.648 0.63 0.681
41 0.532 0.779 0.05 0.088
41 0.488 0.743 0.041 0.112
41 0.258 0.772 0.041 0.106
41 0.148 0.791 0.026 0.054
41 0.169 0.776 0.022 0.049
41 0.214 0.79 0.026 0.05
67 0.421 0.964 0.056 0.071
73 0.074 0.04 0.062 0.015
41 0.191 0.782 0.024 0.053
41 0.229 0.773 0.024 0.048
41 0.1 0.782 0.025 0.047
41 0.122 0.767 0.025 0.048
45 0.467 0.837 0.067 0.084
65 0.599 0.513 0.064 0.068
65 0.942 0.671 0.03 0.042
73 0.483 0.473 0.07 0.044
73 0.085 0.035 0.057 0.012
