56 0.18 0.806 0.17 0.389
56 0.935 0.716 0.129 0.224
84 0.811 0.535 0.286 0.173
82 0.231 0.593 0.317 0.226
13 0.363 0.697 0.178 0.318
73 0.075 0.363 0.025 0.091
73 0.083 0.252 0.008 0.052
73 0.072 0.181 0.004 0.049
73 0.129 0.261 0.009 0.043
73 0.179 0.211 0.019 0.044
73 0.132 0.263 0.01 0.046
73 0.186 0.269 0.01 0.042
73 0.071 0.425 0.004 0.043
73 0.153 0.43 0.011 0.056
73 0.098 0.354 0.019 0.076
47 0.319 0.499 0.014 0.022
47 0.305 0.502 0.013 0.017
47 0.294 0.5 0.014 0.021
56 0.168 0.539 0.037 0.05
56 0.096 0.707 0.057 0.306
56 0.369 0.525 0.081 0.165
81 0.263 0.399 0.1 0.211
73 0.057 0.419 0.003 0.027
75 0.428 0.418 0.015 0.037
73 0.08 0.492 0.007 0.052
73 0.097 0.439 0.046 0.023
75 0.637 0.424 0.018 0.033
56 0.221 0.502 0.027 0.034
73 0.129 0.43 0.177 0.581
