0 0.384 0.314 0.132 0.32
0 0.439 0.448 0.12 0.267
53 0.381 0.663 0.063 0.049
53 0.396 0.683 0.04 0.034
53 0.43 0.578 0.071 0.059
53 0.62 0.348 0.033 0.018
67 0.697 0.031 0.01 0.02
0 0.547 0.834 0.192 0.306
0 0.511 0.333 0.082 0.232
0 0.769 0.702 0.161 0.407
0 0.7 0.123 0.062 0.244
0 0.864 0.361 0.173 0.413
0 0.2 0.835 0.221 0.301
0 0.299 0.613 0.145 0.378
0 0.364 0.14 0.074 0.222
0 0.229 0.255 0.131 0.508
0 0.146 0.237 0.164 0.473
53 0.437 0.841 0.036 0.099
53 0.546 0.625 0.067 0.034
53 0.511 0.505 0.042 0.038
53 0.556 0.445 0.048 0.021
53 0.639 0.313 0.031 0.018
53 0.658 0.412 0.041 0.028
53 0.28 0.859 0.101 0.072
53 0.519 0.707 0.042 0.04
82 0.336 0.788 0.124 0.143
0 0.57 0.161 0.107 0.229
53 0.255 0.827 0.079 0.042
82 0.453 0.627 0.494 0.709
53 0.652 0.397 0.202 0.281
0 0.5 0.441 0.997 0.877
