0 0.459 0.442 0.271 0.484
41 0.484 0.335 0.03 0.065
0 0.575 0.433 0.09 0.308
46 0.685 0.716 0.046 0.073
46 0.595 0.783 0.03 0.054
46 0.537 0.762 0.06 0.051
46 0.675 0.628 0.112 0.132
46 0.586 0.675 0.067 0.17
46 0.623 0.721 0.06 0.107
46 0.728 0.735 0.047 0.081
46 0.214 0.468 0.041 0.041
47 0.341 0.721 0.031 0.043
47 0.239 0.798 0.04 0.055
47 0.29 0.795 0.345 0.224
46 0.551 0.788 0.08 0.099
46 0.524 0.707 0.072 0.044
46 0.535 0.639 0.057 0.051
46 0.749 0.668 0.072 0.065
46 0.214 0.494 0.022 0.022
46 0.482 0.645 0.652 0.488
