65 0.368 0.639 0.132 0.039
65 0.818 0.28 0.031 0.022
65 0.223 0.617 0.108 0.036
65 0.574 0.424 0.059 0.018
0 0.87 0.526 0.259 0.688
0 0.721 0.227 0.132 0.223
0 0.84 0.238 0.075 0.073
0 0.368 0.308 0.211 0.27
0 0.311 0.577 0.36 0.821
0 0.249 0.379 0.44 0.488
0 0.204 0.515 0.408 0.95
83 0.82 0.178 0.115 0.068
0 0.473 0.273 0.116 0.214
0 0.78 0.224 0.061 0.101
0 0.672 0.553 0.421 0.787
0 0.554 0.201 0.067 0.084
65 0.442 0.432 0.074 0.031
65 0.468 0.41 0.047 0.023
0 0.68 0.335 0.047 0.131
0 0.443 0.147 0.141 0.071
65 0.56 0.385 0.048 0.023
