83 0.488 0.475 0.154 0.142
56 0.547 0.811 0.178 0.187
84 0.821 0.692 0.195 0.211
82 0.56 0.801 0.458 0.314
0 0.796 0.516 0.054 0.172
56 0.866 0.713 0.106 0.219
56 0.262 0.589 0.072 0.09
56 0.185 0.9 0.149 0.201
56 0.771 0.774 0.153 0.144
56 0.979 0.762 0.042 0.11
47 0.154 0.626 0.049 0.025
75 0.761 0.957 0.091 0.085
75 0.965 0.957 0.069 0.085
45 0.155 0.642 0.076 0.03
73 0.607 0.317 0.03 0.014
75 0.284 0.813 0.051 0.253
75 0.333 0.796 0.045 0.293
73 0.322 0.544 0.014 0.048
75 0.692 0.598 0.032 0.117
75 0.308 0.542 0.013 0.049
75 0.308 0.448 0.015 0.039
75 0.303 0.391 0.025 0.039
56 0.765 0.591 0.115 0.079
56 0.755 0.512 0.033 0.033
84 0.335 0.64 0.113 0.044
84 0.693 0.639 0.122 0.032
