2 0.742 0.47 0.287 0.183
2 0.976 0.449 0.048 0.137
2 0.054 0.523 0.051 0.144
5 0.386 0.458 0.488 0.692
0 0.766 0.364 0.02 0.036
0 0.692 0.373 0.01 0.024
0 0.669 0.377 0.015 0.028
0 0.722 0.366 0.012 0.029
9 0.578 0.118 0.045 0.184
9 0.883 0.051 0.048 0.098
0 0.641 0.384 0.013 0.026
0 0.732 0.372 0.009 0.017
0 0.717 0.369 0.008 0.021
2 0.019 0.564 0.038 0.128
2 0.023 0.516 0.03 0.081
2 0.125 0.538 0.096 0.145
2 0.079 0.509 0.029 0.137
2 0.023 0.478 0.046 0.049
9 0.641 0.261 0.013 0.085
9 0.019 0.371 0.011 0.06
0 0.862 0.377 0.026 0.095
0 0.846 0.379 0.02 0.072
9 0.693 0.258 0.013 0.047
