25 0.168 0.36 0.329 0.166
2 0.949 0.577 0.101 0.146
2 0.886 0.56 0.049 0.098
52 0.371 0.626 0.033 0.036
2 0.049 0.538 0.097 0.054
39 0.341 0.449 0.012 0.045
39 0.369 0.445 0.013 0.057
39 0.359 0.453 0.008 0.037
39 0.407 0.45 0.011 0.042
39 0.458 0.453 0.014 0.054
39 0.398 0.531 0.011 0.044
39 0.325 0.44 0.01 0.027
39 0.36 0.528 0.011 0.048
39 0.378 0.45 0.009 0.043
52 0.377 0.67 0.051 0.047
52 0.37 0.755 0.05 0.043
0 0.596 0.54 0.017 0.057
0 0.569 0.538 0.01 0.062
0 0.151 0.526 0.01 0.035
0 0.139 0.522 0.013 0.039
0 0.52 0.549 0.014 0.069
39 0.428 0.449 0.011 0.044
39 0.439 0.448 0.012 0.047
39 0.297 0.455 0.011 0.043
39 0.306 0.454 0.011 0.043
26 0.528 0.547 0.006 0.021
52 0.261 0.715 0.041 0.05
39 0.351 0.487 0.336 0.148
