39 0.015 0.266 0.015 0.057
39 0.085 0.284 0.008 0.048
39 0.047 0.28 0.008 0.04
39 0.075 0.28 0.012 0.043
39 0.096 0.28 0.015 0.046
39 0.116 0.282 0.008 0.05
39 0.058 0.278 0.006 0.045
39 0.029 0.274 0.011 0.04
39 0.065 0.278 0.011 0.044
39 0.109 0.279 0.01 0.049
56 0.338 0.67 0.31 0.448
56 0.504 0.434 0.058 0.05
56 0.082 0.739 0.115 0.249
56 0.386 0.442 0.108 0.025
82 0.323 0.554 0.278 0.092
0 0.398 0.379 0.079 0.103
0 0.813 0.183 0.129 0.25
63 0.747 0.64 0.502 0.698
39 0.151 0.281 0.009 0.049
39 0.159 0.285 0.012 0.048
56 0.553 0.491 0.048 0.148
82 0.281 0.842 0.509 0.29
83 0.764 0.638 0.468 0.687
74 0.128 0.085 0.035 0.057
56 0.45 0.43 0.048 0.045
39 0.136 0.283 0.014 0.051
82 0.534 0.479 0.093 0.048
56 0.176 0.667 0.169 0.463
0 0.267 0.356 0.13 0.175
39 0.091 0.28 0.13 0.06
