39 0.536 0.549 0.024 0.115
39 0.483 0.597 0.023 0.074
39 0.483 0.708 0.033 0.111
56 0.689 0.558 0.231 0.252
56 0.38 0.446 0.1 0.119
56 0.137 0.691 0.271 0.406
56 0.791 0.373 0.047 0.084
56 0.654 0.434 0.131 0.152
56 0.43 0.363 0.093 0.067
82 0.475 0.766 0.247 0.451
0 0.684 0.559 0.223 0.315
0 0.511 0.464 0.102 0.207
0 0.256 0.56 0.288 0.334
0 0.753 0.592 0.295 0.314
0 0.782 0.675 0.394 0.513
0 0.153 0.88 0.307 0.209
0 0.769 0.773 0.458 0.421
40 0.177 0.839 0.055 0.176
40 0.788 0.751 0.077 0.193
40 0.732 0.651 0.045 0.125
40 0.509 0.535 0.022 0.047
40 0.236 0.526 0.032 0.067
0 0.327 0.452 0.124 0.202
40 0.346 0.44 0.015 0.019
56 0.701 0.599 0.05 0.041
81 0.441 0.322 0.051 0.126
81 0.565 0.37 0.041 0.114
0 0.206 0.671 0.375 0.511
25 0.59 0.263 0.095 0.518
56 0.124 0.847 0.093 0.07
56 0.39 0.397 0.099 0.108
56 0.768 0.824 0.142 0.145
74 0.783 0.844 0.022 0.033
39 0.488 0.558 0.02 0.055
56 0.334 0.492 0.204 0.173
40 0.209 0.592 0.034 0.102
56 0.446 0.433 0.044 0.074
56 0.639 0.36 0.166 0.138
