27 0.574 0.531 0.048 0.336
56 0.847 0.88 0.199 0.24
56 0.528 0.946 0.219 0.108
56 0.957 0.566 0.056 0.05
0 0.274 0.59 0.471 0.815
0 0.6 0.591 0.232 0.817
0 0.811 0.598 0.261 0.796
39 0.085 0.301 0.014 0.053
39 0.017 0.296 0.018 0.059
39 0.006 0.293 0.013 0.069
40 0.974 0.501 0.016 0.04
41 0.979 0.597 0.025 0.067
56 0.927 0.514 0.02 0.066
82 0.967 0.637 0.066 0.108
0 0.018 0.5 0.033 0.265
39 0.052 0.298 0.02 0.059
39 0.034 0.295 0.016 0.06
39 0.068 0.302 0.015 0.051
56 0.056 0.951 0.111 0.099
82 0.047 0.746 0.094 0.112
0 0.406 0.615 0.232 0.733
