0 0.907 0.154 0.104 0.249
0 0.728 0.212 0.23 0.271
80 0.369 0.502 0.735 0.991
80 0.812 0.539 0.376 0.897
0 0.35 0.087 0.123 0.15
56 0.21 0.728 0.329 0.521
56 0.585 0.575 0.18 0.425
56 0.323 0.389 0.141 0.243
56 0.241 0.24 0.113 0.166
56 0.411 0.354 0.149 0.243
56 0.582 0.274 0.07 0.096
56 0.499 0.456 0.08 0.093
56 0.212 0.434 0.149 0.239
56 0.328 0.222 0.094 0.151
56 0.075 0.779 0.149 0.442
56 0.645 0.262 0.096 0.151
56 0.665 0.549 0.187 0.413
56 0.161 0.249 0.107 0.169
63 0.561 0.288 0.091 0.138
0 0.583 0.129 0.143 0.203
56 0.411 0.336 0.759 0.416
