83 0.438 0.306 0.141 0.184
15 0.81 0.622 0.058 0.049
84 0.218 0.822 0.43 0.331
84 0.876 0.78 0.248 0.421
74 0.522 0.234 0.028 0.049
73 0.899 0.413 0.027 0.042
73 0.953 0.431 0.007 0.034
73 0.929 0.423 0.004 0.034
26 0.716 0.539 0.033 0.058
41 0.728 0.653 0.026 0.062
42 0.758 0.681 0.022 0.026
56 0.78 0.506 0.058 0.145
82 0.703 0.768 0.208 0.319
73 0.924 0.42 0.007 0.037
73 0.918 0.418 0.009 0.039
73 0.893 0.511 0.031 0.053
83 0.827 0.433 0.034 0.04
83 0.787 0.423 0.029 0.037
73 0.902 0.449 0.017 0.012
73 0.921 0.474 0.008 0.032
73 0.93 0.476 0.01 0.029
73 0.934 0.425 0.004 0.032
73 0.937 0.425 0.005 0.033
73 0.952 0.424 0.009 0.045
73 0.888 0.455 0.008 0.043
0 0.897 0.664 0.165 0.251
73 0.892 0.454 0.169 0.194
