32 0.256 0.546 0.016 0.025
32 0.282 0.407 0.028 0.043
38 0.582 0.23 0.03 0.051
0 0.521 0.403 0.226 0.506
0 0.112 0.378 0.158 0.31
0 0.193 0.119 0.065 0.062
0 0.275 0.111 0.059 0.075
0 0.348 0.108 0.063 0.083
0 0.427 0.1 0.061 0.095
0 0.507 0.073 0.09 0.146
0 0.276 0.072 0.075 0.132
0 0.197 0.078 0.075 0.139
0 0.115 0.112 0.07 0.083
0 0.502 0.109 0.073 0.081
56 0.051 0.134 0.064 0.027
56 0.222 0.074 0.033 0.085
56 0.049 0.116 0.063 0.048
0 0.121 0.072 0.085 0.142
0 0.445 0.088 0.04 0.116
0 0.5 0.288 0.997 0.576
