46 0.322 0.763 0.16 0.157
46 0.634 0.668 0.503 0.367
46 0.406 0.771 0.101 0.156
46 0.285 0.913 0.145 0.116
46 0.278 0.858 0.087 0.047
46 0.324 0.824 0.265 0.33
49 0.805 0.879 0.097 0.108
49 0.911 0.783 0.178 0.202
47 0.404 0.312 0.051 0.059
47 0.702 0.34 0.059 0.064
47 0.328 0.197 0.045 0.057
47 0.741 0.378 0.043 0.05
47 0.852 0.363 0.116 0.095
47 0.77 0.343 0.318 0.161
47 0.269 0.228 0.036 0.046
47 0.355 0.16 0.044 0.059
47 0.358 0.223 0.044 0.062
47 0.395 0.163 0.04 0.038
47 0.375 0.251 0.043 0.042
47 0.489 0.185 0.053 0.037
49 0.91 0.913 0.123 0.153
49 0.097 0.532 0.026 0.037
49 0.078 0.625 0.022 0.031
49 0.081 0.582 0.03 0.036
49 0.104 0.571 0.018 0.01
49 0.124 0.555 0.023 0.025
49 0.136 0.526 0.031 0.033
47 0.27 0.303 0.541 0.344
