39 0.734 0.27 0.161 0.538
72 0.381 0.143 0.444 0.284
56 0.898 0.192 0.199 0.209
56 0.028 0.319 0.056 0.234
82 0.501 0.613 0.998 0.745
41 0.878 0.412 0.148 0.269
53 0.595 0.825 0.303 0.243
73 0.399 0.398 0.546 0.216
39 0.317 0.056 0.037 0.104
53 0.738 0.809 0.242 0.221
67 0.95 0.533 0.1 0.141
39 0.284 0.057 0.034 0.113
39 0.424 0.055 0.029 0.11
39 0.453 0.056 0.03 0.112
39 0.485 0.054 0.033 0.109
39 0.346 0.055 0.037 0.104
42 0.199 0.632 0.096 0.122
53 0.601 0.709 0.474 0.33
39 0.545 0.056 0.028 0.101
