2 0.672 0.236 0.218 0.084
2 0.864 0.257 0.194 0.069
0 0.245 0.695 0.345 0.587
0 0.169 0.253 0.066 0.074
0 0.123 0.249 0.041 0.091
13 0.276 0.785 0.543 0.24
63 0.269 0.545 0.152 0.125
2 0.379 0.185 0.17 0.052
2 0.504 0.257 0.257 0.084
2 0.243 0.214 0.229 0.088
0 0.808 0.19 0.016 0.039
0 0.023 0.246 0.047 0.099
0 0.743 0.273 0.048 0.093
0 0.765 0.176 0.018 0.023
13 0.068 0.271 0.083 0.046
13 0.705 0.295 0.158 0.046
13 0.875 0.297 0.164 0.046
0 0.036 0.582 0.073 0.245
0 0.964 0.284 0.072 0.107
2 0.948 0.235 0.104 0.082
7 0.693 0.189 0.205 0.046
13 0.224 0.263 0.067 0.031
13 0.332 0.273 0.141 0.038
