0 0.137 0.551 0.232 0.455
1 0.429 0.767 0.221 0.396
1 0.637 0.621 0.171 0.398
1 0.958 0.474 0.085 0.256
1 0.163 0.785 0.266 0.393
1 0.943 0.442 0.029 0.154
1 0.872 0.476 0.036 0.155
26 0.043 0.356 0.03 0.135
26 0.341 0.237 0.028 0.074
0 0.555 0.4 0.131 0.318
0 0.64 0.424 0.155 0.405
0 0.804 0.338 0.109 0.242
0 0.666 0.111 0.021 0.041
0 0.248 0.428 0.144 0.447
0 0.846 0.687 0.304 0.604
0 0.201 0.142 0.091 0.284
0 0.274 0.08 0.058 0.161
0 0.411 0.143 0.044 0.141
1 0.744 0.229 0.051 0.061
1 0.911 0.39 0.05 0.17
1 0.247 0.578 0.086 0.187
1 0.555 0.607 0.105 0.308
1 0.722 0.524 0.091 0.233
1 0.271 0.616 0.151 0.258
26 0.115 0.195 0.035 0.076
0 0.059 0.193 0.066 0.263
0 0.306 0.212 0.065 0.297
0 0.416 0.587 0.21 0.557
0 0.5 0.266 0.997 0.533
1 0.179 0.159 0.152 0.107
