7 0.821 0.107 0.356 0.213
0 0.822 0.111 0.054 0.22
0 0.569 0.087 0.118 0.173
0 0.478 0.108 0.079 0.216
0 0.203 0.081 0.121 0.157
45 0.054 0.739 0.102 0.215
49 0.056 0.092 0.013 0.012
49 0.03 0.094 0.016 0.009
49 0.035 0.083 0.07 0.034
51 0.731 0.462 0.04 0.027
51 0.699 0.553 0.074 0.029
26 0.436 0.082 0.051 0.165
51 0.746 0.497 0.051 0.02
51 0.738 0.477 0.045 0.027
51 0.751 0.51 0.064 0.03
51 0.594 0.489 0.046 0.059
51 0.715 0.501 0.03 0.068
51 0.749 0.541 0.02 0.018
0 0.377 0.102 0.12 0.205
0 0.259 0.054 0.078 0.107
0 0.106 0.128 0.1 0.256
82 0.064 0.194 0.121 0.172
51 0.744 0.524 0.037 0.019
