39 0.626 0.788 0.038 0.129
56 0.234 0.844 0.464 0.27
56 0.802 0.608 0.033 0.033
74 0.299 0.266 0.053 0.076
63 0.627 0.802 0.262 0.259
0 0.218 0.51 0.221 0.44
0 0.071 0.594 0.143 0.279
0 0.61 0.545 0.082 0.164
0 0.776 0.676 0.246 0.495
0 0.858 0.566 0.089 0.213
0 0.937 0.578 0.127 0.248
0 0.291 0.419 0.319 0.582
0 0.553 0.534 0.077 0.138
0 0.912 0.436 0.06 0.071
81 0.135 0.406 0.089 0.52
63 0.838 0.693 0.086 0.09
0 0.03 0.561 0.061 0.196
56 0.431 0.618 0.021 0.042
56 0.518 0.684 0.055 0.177
56 0.575 0.708 0.076 0.213
56 0.921 0.733 0.147 0.263
56 0.682 0.708 0.163 0.195
56 0.05 0.738 0.1 0.162
0 0.496 0.562 0.089 0.228
0 0.98 0.544 0.041 0.118
