39 0.612 0.822 0.012 0.053
39 0.457 0.678 0.008 0.032
39 0.314 0.47 0.006 0.021
74 0.747 0.334 0.279 0.49
82 0.546 0.891 0.191 0.14
0 0.195 0.578 0.057 0.141
0 0.31 0.754 0.062 0.283
0 0.621 0.747 0.072 0.15
0 0.417 0.695 0.067 0.215
0 0.923 0.707 0.066 0.108
0 0.963 0.677 0.034 0.08
45 0.204 0.666 0.04 0.043
82 0.461 0.702 0.023 0.035
82 0.762 0.667 0.058 0.03
82 0.453 0.635 0.039 0.018
82 0.14 0.816 0.064 0.071
82 0.884 0.758 0.1 0.053
82 0.749 0.618 0.056 0.037
82 0.683 0.81 0.094 0.043
82 0.59 0.591 0.035 0.01
82 0.602 0.669 0.082 0.042
82 0.319 0.591 0.014 0.021
75 0.553 0.513 0.012 0.048
0 0.673 0.862 0.084 0.226
41 0.452 0.631 0.007 0.015
45 0.499 0.865 0.037 0.029
56 0.686 0.922 0.074 0.109
56 0.609 0.933 0.079 0.084
56 0.466 0.937 0.083 0.079
56 0.109 0.905 0.11 0.144
56 0.79 0.891 0.056 0.161
56 0.973 0.731 0.021 0.054
56 0.578 0.647 0.03 0.036
56 0.605 0.622 0.03 0.069
56 0.627 0.649 0.029 0.032
56 0.856 0.801 0.045 0.098
0 0.544 0.777 0.103 0.147
0 0.646 0.626 0.038 0.082
56 0.369 0.919 0.089 0.119
56 0.925 0.806 0.068 0.13
82 0.156 0.868 0.044 0.062
72 0.269 0.503 0.039 0.084
0 0.569 0.885 0.1 0.182
0 0.826 0.76 0.065 0.14
0 0.85 0.694 0.048 0.081
39 0.451 0.623 0.005 0.027
56 0.428 0.873 0.039 0.162
0 0.384 0.767 0.065 0.269
82 0.506 0.771 0.055 0.085
0 0.544 0.696 0.822 0.378
82 0.628 0.781 0.694 0.401
56 0.527 0.665 0.589 0.168
