79 0.911 0.711 0.178 0.212
2 0.5 0.619 1.0 0.739
0 0.927 0.17 0.092 0.17
0 0.817 0.123 0.102 0.139
0 0.068 0.173 0.078 0.2
0 0.367 0.149 0.057 0.114
0 0.574 0.159 0.076 0.08
0 0.645 0.139 0.028 0.061
0 0.02 0.2 0.041 0.136
0 0.476 0.679 0.145 0.266
0 0.958 0.102 0.082 0.151
79 0.922 0.689 0.157 0.194
79 0.761 0.555 0.073 0.096
79 0.504 0.34 0.018 0.088
79 0.213 0.307 0.069 0.113
79 0.88 0.72 0.239 0.305
79 0.593 0.392 0.1 0.131
79 0.472 0.356 0.046 0.093
79 0.814 0.26 0.054 0.311
25 0.88 0.026 0.238 0.051
