56 0.324 0.864 0.237 0.273
56 0.673 0.835 0.256 0.304
56 0.887 0.816 0.218 0.361
56 0.965 0.569 0.062 0.148
56 0.567 0.46 0.03 0.051
82 0.477 0.613 0.372 0.208
41 0.487 0.569 0.028 0.039
44 0.347 0.644 0.016 0.037
26 0.955 0.808 0.059 0.344
0 0.457 0.438 0.135 0.225
0 0.294 0.462 0.16 0.308
0 0.683 0.685 0.295 0.627
0 0.625 0.435 0.143 0.212
0 0.214 0.619 0.231 0.56
40 0.347 0.567 0.025 0.072
40 0.368 0.609 0.025 0.076
40 0.53 0.558 0.025 0.076
41 0.396 0.568 0.023 0.038
44 0.807 0.533 0.014 0.021
56 0.401 0.473 0.024 0.064
56 0.085 0.761 0.063 0.456
0 0.893 0.476 0.09 0.247
39 0.621 0.528 0.031 0.112
40 0.558 0.597 0.024 0.071
41 0.314 0.607 0.03 0.033
0 0.863 0.621 0.152 0.421
