39 0.547 0.641 0.028 0.077
72 0.043 0.671 0.086 0.451
72 0.949 0.656 0.102 0.391
45 0.601 0.656 0.058 0.049
46 0.46 0.67 0.016 0.024
47 0.504 0.668 0.009 0.014
47 0.486 0.669 0.014 0.021
69 0.364 0.703 0.104 0.201
71 0.474 0.59 0.148 0.017
41 0.522 0.661 0.019 0.026
82 0.529 0.779 0.228 0.293
69 0.214 0.679 0.188 0.296
75 0.621 0.392 0.019 0.023
47 0.473 0.669 0.014 0.024
45 0.612 0.578 0.029 0.019
45 0.154 0.576 0.046 0.046
45 0.214 0.59 0.038 0.017
45 0.988 0.458 0.024 0.011
45 0.024 0.431 0.047 0.04
75 0.31 0.395 0.014 0.016
75 0.312 0.332 0.015 0.019
75 0.617 0.335 0.016 0.012
45 0.272 0.575 0.055 0.052
