84 0.063 0.693 0.127 0.559
56 0.719 0.768 0.244 0.464
56 0.759 0.474 0.049 0.115
56 0.973 0.52 0.054 0.264
82 0.552 0.696 0.424 0.253
0 0.349 0.481 0.244 0.522
0 0.257 0.673 0.356 0.645
0 0.225 0.607 0.201 0.528
0 0.454 0.298 0.091 0.155
0 0.657 0.438 0.174 0.399
0 0.672 0.293 0.093 0.167
40 0.527 0.646 0.046 0.148
40 0.585 0.572 0.037 0.128
40 0.474 0.427 0.088 0.166
45 0.476 0.63 0.046 0.055
0 0.353 0.353 0.044 0.172
0 0.592 0.302 0.055 0.179
40 0.555 0.405 0.023 0.065
40 0.535 0.592 0.042 0.064
82 0.477 0.418 0.233 0.157
0 0.984 0.36 0.032 0.112
13 0.139 0.648 0.276 0.699
40 0.598 0.346 0.02 0.03
84 0.397 0.349 0.391 0.183
