25 0.765 0.766 0.178 0.196
25 0.685 0.537 0.14 0.145
25 0.367 0.58 0.105 0.148
25 0.223 0.647 0.108 0.129
25 0.445 0.492 0.104 0.139
25 0.456 0.251 0.109 0.135
25 0.385 0.245 0.101 0.105
25 0.361 0.455 0.062 0.171
25 0.131 0.442 0.1 0.105
25 0.302 0.171 0.081 0.096
26 0.857 0.917 0.081 0.111
26 0.144 0.69 0.035 0.091
26 0.235 0.769 0.047 0.085
26 0.705 0.654 0.048 0.103
26 0.923 0.324 0.049 0.099
26 0.03 0.484 0.028 0.091
0 0.395 0.753 0.094 0.261
0 0.27 0.45 0.095 0.275
0 0.326 0.302 0.101 0.189
0 0.494 0.408 0.103 0.259
0 0.436 0.08 0.068 0.159
0 0.276 0.112 0.06 0.102
0 0.818 0.187 0.094 0.309
0 0.203 0.382 0.06 0.189
26 0.047 0.059 0.018 0.041
26 0.218 0.32 0.036 0.052
26 0.198 0.263 0.047 0.071
26 0.789 0.176 0.025 0.059
28 0.661 0.767 0.048 0.103
0 0.479 0.661 0.117 0.234
0 0.689 0.734 0.069 0.274
0 0.585 0.261 0.109 0.288
25 0.169 0.095 0.068 0.102
0 0.267 0.806 0.116 0.252
0 0.385 0.544 0.098 0.231
25 0.069 0.295 0.065 0.098
26 0.757 0.278 0.038 0.071
25 0.535 0.307 0.927 0.609
0 0.499 0.499 0.998 0.997
