0 0.32 0.384 0.367 0.503
41 0.638 0.788 0.059 0.101
41 0.751 0.737 0.145 0.176
42 0.727 0.925 0.168 0.151
43 0.904 0.867 0.19 0.048
41 0.666 0.596 0.061 0.125
41 0.917 0.66 0.082 0.15
41 0.836 0.749 0.073 0.112
41 0.232 0.623 0.108 0.11
41 0.161 0.663 0.057 0.066
41 0.979 0.663 0.042 0.125
44 0.428 0.415 0.085 0.039
45 0.849 0.652 0.056 0.086
82 0.5 0.798 1.0 0.405
41 0.405 0.656 0.074 0.117
41 0.85 0.652 0.057 0.092
41 0.662 0.721 0.06 0.105
44 0.909 0.703 0.114 0.046
44 0.565 0.628 0.075 0.044
42 0.531 0.733 0.118 0.05
