82 0.384 0.749 0.665 0.503
0 0.375 0.378 0.249 0.571
0 0.761 0.554 0.376 0.892
0 0.899 0.314 0.082 0.303
0 0.553 0.255 0.013 0.103
43 0.567 0.657 0.108 0.065
43 0.434 0.48 0.131 0.029
55 0.241 0.858 0.056 0.091
56 0.276 0.636 0.147 0.127
56 0.374 0.579 0.076 0.104
56 0.563 0.494 0.099 0.097
56 0.883 0.399 0.054 0.144
56 0.916 0.57 0.032 0.065
56 0.676 0.439 0.036 0.138
56 0.535 0.322 0.017 0.043
56 0.649 0.36 0.026 0.117
55 0.453 0.684 0.154 0.119
55 0.446 0.84 0.097 0.082
55 0.548 0.796 0.047 0.088
55 0.593 0.528 0.019 0.035
55 0.631 0.505 0.038 0.029
55 0.15 0.766 0.063 0.057
55 0.559 0.552 0.032 0.02
56 0.764 0.903 0.223 0.194
56 0.484 0.41 0.056 0.14
56 0.522 0.337 0.042 0.097
0 0.512 0.229 0.042 0.079
0 0.489 0.377 0.056 0.19
0 0.504 0.296 0.055 0.087
0 0.321 0.197 0.042 0.06
0 0.309 0.187 0.02 0.065
56 0.656 0.324 0.034 0.072
56 0.534 0.385 0.051 0.13
56 0.541 0.463 0.055 0.042
