82 0.17 0.343 0.341 0.164
52 0.551 0.662 0.223 0.385
52 0.289 0.669 0.312 0.327
0 0.741 0.459 0.133 0.309
0 0.633 0.357 0.141 0.226
0 0.869 0.411 0.095 0.263
0 0.224 0.482 0.116 0.153
0 0.099 0.685 0.199 0.53
0 0.87 0.591 0.261 0.423
0 0.887 0.81 0.216 0.38
0 0.048 0.839 0.096 0.3
56 0.254 0.389 0.134 0.134
56 0.109 0.273 0.099 0.053
56 0.067 0.492 0.13 0.214
73 0.359 0.108 0.053 0.109
73 0.986 0.221 0.012 0.088
73 0.993 0.211 0.015 0.12
73 0.975 0.222 0.022 0.081
73 0.975 0.207 0.043 0.121
73 0.338 0.095 0.065 0.141
0 0.45 0.521 0.609 0.957
24 0.625 0.13 0.069 0.103
56 0.045 0.252 0.082 0.131
56 0.234 0.255 0.07 0.083
73 0.811 0.353 0.058 0.035
73 0.972 0.209 0.032 0.106
