2 0.328 0.587 0.074 0.026
2 0.242 0.579 0.097 0.04
2 0.326 0.574 0.097 0.039
2 0.434 0.585 0.03 0.023
0 0.785 0.749 0.182 0.431
0 0.123 0.58 0.014 0.037
33 0.758 0.483 0.02 0.015
33 0.956 0.261 0.022 0.013
33 0.791 0.321 0.013 0.022
33 0.637 0.464 0.009 0.015
33 0.569 0.52 0.017 0.017
33 0.465 0.532 0.023 0.032
33 0.172 0.092 0.124 0.095
33 0.161 0.487 0.013 0.018
33 0.038 0.49 0.031 0.016
0 0.86 0.603 0.018 0.038
0 0.242 0.581 0.017 0.035
0 0.219 0.583 0.011 0.033
0 0.65 0.593 0.024 0.054
0 0.874 0.595 0.015 0.045
0 0.472 0.584 0.008 0.024
0 0.747 0.587 0.02 0.042
0 0.519 0.583 0.011 0.031
0 0.958 0.599 0.022 0.041
2 0.644 0.577 0.112 0.044
2 0.418 0.587 0.043 0.02
33 0.227 0.522 0.013 0.015
33 0.197 0.517 0.017 0.013
0 0.394 0.586 0.012 0.026
0 0.703 0.589 0.036 0.046
7 0.508 0.575 0.105 0.046
7 0.953 0.58 0.071 0.069
33 0.565 0.503 0.022 0.022
33 0.228 0.479 0.008 0.011
2 0.192 0.58 0.035 0.029
0 0.164 0.579 0.02 0.03
33 0.473 0.513 0.538 0.082
