81 0.562 0.282 0.119 0.332
56 0.86 0.78 0.279 0.402
56 0.828 0.48 0.199 0.295
56 0.59 0.805 0.545 0.359
82 0.639 0.472 0.286 0.176
1 0.755 0.312 0.286 0.188
74 0.087 0.394 0.075 0.097
41 0.598 0.506 0.042 0.049
73 0.937 0.375 0.012 0.076
73 0.956 0.276 0.011 0.081
73 0.948 0.373 0.014 0.089
73 0.941 0.272 0.031 0.091
73 0.966 0.278 0.011 0.082
73 0.974 0.282 0.014 0.078
73 0.976 0.388 0.048 0.094
73 0.959 0.476 0.033 0.086
73 0.938 0.477 0.013 0.081
41 0.697 0.414 0.025 0.037
41 0.744 0.447 0.025 0.039
73 0.986 0.28 0.026 0.084
73 0.96 0.275 0.01 0.081
73 0.929 0.47 0.01 0.078
75 0.581 0.367 0.035 0.153
41 0.663 0.504 0.049 0.042
41 0.534 0.493 0.042 0.062
73 0.604 0.59 0.133 0.064
73 0.6 0.29 0.797 0.546
