32 0.398 0.7 0.038 0.055
2 0.165 0.218 0.104 0.037
2 0.594 0.28 0.149 0.071
2 0.534 0.231 0.056 0.04
0 0.593 0.55 0.196 0.385
0 0.727 0.584 0.165 0.386
0 0.88 0.458 0.139 0.247
0 0.285 0.335 0.026 0.097
0 0.259 0.354 0.034 0.044
0 0.417 0.363 0.023 0.048
0 0.225 0.251 0.028 0.068
0 0.413 0.317 0.03 0.07
0 0.447 0.316 0.03 0.078
13 0.084 0.268 0.169 0.048
13 0.352 0.29 0.041 0.017
24 0.59 0.346 0.016 0.023
24 0.626 0.347 0.012 0.022
24 0.671 0.377 0.015 0.031
24 0.644 0.377 0.017 0.023
0 0.893 0.482 0.156 0.348
2 0.839 0.272 0.053 0.057
7 0.829 0.272 0.077 0.06
7 0.419 0.241 0.129 0.118
13 0.229 0.277 0.051 0.042
24 0.67 0.355 0.021 0.016
0 0.43 0.362 0.02 0.046
7 0.535 0.237 0.055 0.054
0 0.324 0.335 0.024 0.096
0 0.357 0.324 0.019 0.076
13 0.563 0.359 0.106 0.051
13 0.642 0.352 0.089 0.029
13 0.646 0.362 0.039 0.006
0 0.513 0.296 0.961 0.192
