82 0.506 0.577 0.986 0.358
1 0.595 0.293 0.165 0.172
39 0.347 0.358 0.036 0.066
43 0.575 0.558 0.135 0.053
44 0.574 0.571 0.065 0.098
55 0.513 0.509 0.12 0.115
55 0.892 0.655 0.086 0.043
55 0.165 0.439 0.061 0.068
55 0.218 0.441 0.047 0.058
55 0.235 0.438 0.049 0.051
55 0.277 0.432 0.039 0.059
0 0.938 0.315 0.122 0.354
55 0.35 0.397 0.039 0.016
55 0.439 0.496 0.067 0.052
39 0.343 0.32 0.046 0.142
48 0.972 0.667 0.056 0.076
55 0.475 0.418 0.066 0.039
55 0.771 0.494 0.068 0.046
55 0.352 0.486 0.059 0.053
55 0.408 0.477 0.062 0.072
48 0.738 0.663 0.187 0.082
55 0.552 0.483 0.891 0.425
