1 0.596 0.884 0.107 0.212
5 0.258 0.44 0.509 0.281
26 0.789 0.584 0.018 0.047
26 0.325 0.587 0.037 0.071
0 0.636 0.815 0.117 0.347
0 0.194 0.611 0.086 0.364
0 0.104 0.623 0.111 0.407
0 0.275 0.627 0.058 0.27
0 0.353 0.608 0.091 0.311
0 0.793 0.587 0.033 0.126
0 0.452 0.529 0.057 0.096
0 0.851 0.574 0.029 0.117
0 0.562 0.59 0.054 0.206
6 0.259 0.44 0.515 0.298
24 0.669 0.55 0.014 0.04
24 0.242 0.607 0.026 0.097
24 0.165 0.527 0.056 0.1
24 0.523 0.552 0.028 0.062
24 0.574 0.549 0.032 0.053
24 0.404 0.534 0.056 0.088
26 0.741 0.591 0.011 0.032
26 0.652 0.555 0.017 0.035
0 0.499 0.601 0.066 0.224
0 0.598 0.53 0.045 0.088
0 0.633 0.54 0.027 0.066
24 0.553 0.55 0.033 0.067
0 0.651 0.521 0.015 0.046
1 0.771 0.609 0.026 0.048
26 0.706 0.577 0.01 0.034
26 0.841 0.585 0.009 0.017
24 0.611 0.552 0.026 0.061
0 0.684 0.605 0.63 0.34
