37 0.863 0.678 0.272 0.213
37 0.693 0.64 0.073 0.182
37 0.737 0.654 0.084 0.198
37 0.533 0.646 0.068 0.138
37 0.516 0.633 0.1 0.15
37 0.418 0.632 0.065 0.118
37 0.398 0.634 0.06 0.132
37 0.299 0.636 0.054 0.139
37 0.451 0.648 0.075 0.116
0 0.536 0.474 0.042 0.148
0 0.654 0.437 0.033 0.09
0 0.685 0.455 0.032 0.119
0 0.732 0.434 0.04 0.086
0 0.871 0.457 0.044 0.119
0 0.834 0.448 0.03 0.109
0 0.722 0.518 0.105 0.105
0 0.373 0.479 0.042 0.126
0 0.403 0.433 0.024 0.043
0 0.273 0.53 0.031 0.074
0 0.474 0.465 0.037 0.117
0 0.606 0.446 0.02 0.076
25 0.59 0.425 0.071 0.05
37 0.669 0.644 0.071 0.168
56 0.241 0.528 0.067 0.079
37 0.266 0.638 0.065 0.118
56 0.203 0.539 0.053 0.066
0 0.784 0.466 0.032 0.112
37 0.578 0.638 0.062 0.151
37 0.634 0.641 0.083 0.162
37 0.336 0.639 0.528 0.135
0 0.588 0.456 0.822 0.708
