56 0.746 0.107 0.076 0.176
56 0.668 0.108 0.066 0.173
56 0.241 0.263 0.338 0.265
56 0.962 0.087 0.076 0.059
56 0.796 0.051 0.022 0.044
82 0.5 0.684 1.0 0.609
0 0.204 0.249 0.367 0.416
0 0.844 0.492 0.312 0.764
40 0.701 0.661 0.162 0.382
40 0.201 0.525 0.14 0.243
42 0.408 0.651 0.068 0.216
44 0.315 0.476 0.034 0.089
0 0.063 0.132 0.126 0.264
41 0.199 0.513 0.14 0.213
41 0.7 0.665 0.163 0.382
51 0.595 0.549 0.059 0.128
51 0.096 0.601 0.047 0.03
0 0.856 0.061 0.115 0.123
40 0.424 0.373 0.092 0.187
41 0.424 0.373 0.092 0.193
51 0.016 0.622 0.032 0.071
51 0.581 0.468 0.007 0.032
51 0.006 0.668 0.013 0.014
56 0.972 0.568 0.057 0.221
82 0.867 0.101 0.109 0.036
