16 0.851 0.617 0.071 0.075
17 0.324 0.7 0.555 0.6
0 0.837 0.536 0.037 0.119
0 0.818 0.547 0.014 0.071
0 0.976 0.538 0.027 0.11
0 0.871 0.541 0.034 0.134
24 0.815 0.523 0.01 0.026
24 0.876 0.534 0.045 0.072
0 0.99 0.537 0.02 0.099
0 0.748 0.515 0.011 0.033
0 0.761 0.515 0.012 0.032
0 0.776 0.516 0.011 0.036
0 0.795 0.514 0.006 0.028
0 0.807 0.532 0.012 0.062
0 0.955 0.51 0.017 0.036
17 0.183 0.662 0.366 0.452
0 0.687 0.506 0.006 0.025
0 0.636 0.505 0.008 0.029
1 0.633 0.526 0.025 0.022
1 0.667 0.52 0.018 0.025
1 0.774 0.542 0.01 0.027
0 0.662 0.487 0.152 0.121
