39 0.694 0.302 0.061 0.264
39 0.627 0.276 0.056 0.248
39 0.556 0.246 0.057 0.222
56 0.905 0.188 0.189 0.192
82 0.5 0.562 1.0 0.853
41 0.186 0.657 0.134 0.341
41 0.682 0.717 0.129 0.351
41 0.774 0.322 0.099 0.276
42 0.874 0.594 0.15 0.258
42 0.91 0.577 0.111 0.207
42 0.911 0.576 0.066 0.208
45 0.372 0.476 0.177 0.182
45 0.751 0.651 0.328 0.38
45 0.207 0.563 0.211 0.204
45 0.549 0.468 0.197 0.244
51 0.384 0.485 0.112 0.115
41 0.493 0.27 0.077 0.231
42 0.939 0.674 0.062 0.09
42 0.951 0.633 0.075 0.055
56 0.212 0.143 0.261 0.281
39 0.102 0.681 0.111 0.24
