1 0.703 0.779 0.279 0.254
1 0.404 0.976 0.25 0.049
1 0.24 0.684 0.066 0.056
24 0.422 0.908 0.082 0.143
24 0.075 0.619 0.052 0.106
0 0.052 0.694 0.103 0.325
0 0.956 0.707 0.088 0.262
0 0.399 0.666 0.057 0.173
0 0.518 0.76 0.094 0.447
0 0.216 0.686 0.045 0.207
0 0.612 0.642 0.061 0.165
0 0.688 0.681 0.057 0.265
0 0.568 0.662 0.036 0.179
0 0.482 0.719 0.073 0.382
0 0.374 0.654 0.03 0.169
0 0.316 0.641 0.07 0.182
0 0.02 0.656 0.04 0.286
1 0.082 0.936 0.164 0.104
1 0.814 0.776 0.247 0.182
1 0.681 0.765 0.024 0.054
1 0.451 0.749 0.036 0.075
26 0.973 0.667 0.037 0.09
26 0.337 0.655 0.031 0.023
53 0.197 0.568 0.016 0.005
53 0.474 0.651 0.026 0.039
0 0.164 0.684 0.105 0.43
0 0.307 0.649 0.145 0.202
