39 0.186 0.868 0.026 0.097
39 0.901 0.647 0.024 0.045
84 0.265 0.806 0.527 0.361
84 0.848 0.711 0.305 0.329
0 0.33 0.606 0.286 0.784
0 0.675 0.638 0.26 0.724
41 0.904 0.689 0.029 0.052
63 0.47 0.727 0.06 0.072
63 0.183 0.831 0.149 0.123
65 0.309 0.421 0.041 0.144
65 0.779 0.394 0.019 0.073
65 0.244 0.885 0.053 0.033
65 0.123 0.885 0.04 0.032
73 0.517 0.57 0.025 0.01
73 0.472 0.531 0.008 0.032
65 0.382 0.386 0.016 0.037
73 0.502 0.664 0.006 0.034
73 0.507 0.528 0.063 0.044
73 0.445 0.624 0.039 0.038
73 0.469 0.621 0.005 0.033
73 0.49 0.668 0.008 0.033
73 0.515 0.659 0.013 0.036
73 0.535 0.568 0.008 0.036
73 0.476 0.621 0.012 0.035
73 0.479 0.534 0.005 0.035
73 0.528 0.66 0.021 0.036
73 0.49 0.618 0.007 0.033
