14 0.688 0.586 0.09 0.204
14 0.239 0.503 0.143 0.116
0 0.748 0.049 0.008 0.03
0 0.756 0.051 0.01 0.03
8 0.579 0.162 0.155 0.083
8 0.322 0.115 0.09 0.052
8 0.702 0.167 0.141 0.084
8 0.977 0.207 0.047 0.066
8 0.47 0.136 0.08 0.052
8 0.245 0.139 0.115 0.071
8 0.135 0.144 0.111 0.071
8 0.067 0.155 0.081 0.059
8 0.418 0.123 0.067 0.039
8 0.77 0.132 0.077 0.036
14 0.474 0.593 0.075 0.095
14 0.398 0.351 0.046 0.094
14 0.369 0.303 0.047 0.054
14 0.376 0.264 0.052 0.05
14 0.466 0.329 0.069 0.033
14 0.593 0.449 0.058 0.108
14 0.891 0.458 0.031 0.033
14 0.387 0.496 0.054 0.078
14 0.763 0.406 0.101 0.082
14 0.596 0.378 0.05 0.078
8 0.487 0.094 0.071 0.075
14 0.553 0.343 0.081 0.072
14 0.624 0.33 0.461 0.169
