33 0.386 0.804 0.139 0.044
33 0.657 0.787 0.169 0.046
33 0.888 0.778 0.174 0.045
33 0.197 0.424 0.02 0.013
33 0.243 0.412 0.01 0.01
33 0.263 0.607 0.035 0.052
33 0.539 0.541 0.014 0.009
33 0.56 0.497 0.011 0.014
33 0.787 0.528 0.015 0.012
0 0.385 0.754 0.067 0.112
0 0.665 0.727 0.032 0.097
0 0.295 0.685 0.01 0.046
0 0.887 0.733 0.039 0.1
0 0.26 0.686 0.012 0.043
0 0.339 0.683 0.015 0.057
0 0.238 0.682 0.008 0.045
0 0.432 0.677 0.008 0.029
0 0.218 0.679 0.012 0.043
0 0.459 0.675 0.01 0.038
0 0.597 0.684 0.586 0.047
0 0.554 0.671 0.012 0.041
33 0.32 0.561 0.046 0.041
33 0.259 0.347 0.014 0.01
33 0.042 0.734 0.083 0.048
0 0.764 0.659 0.012 0.047
33 0.701 0.399 0.026 0.013
33 0.406 0.512 0.812 0.327
0 0.439 0.675 0.878 0.098
