25 0.546 0.272 0.168 0.076
56 0.603 0.509 0.311 0.16
0 0.055 0.39 0.11 0.188
0 0.676 0.372 0.134 0.185
82 0.502 0.784 0.997 0.409
0 0.068 0.432 0.09 0.256
82 0.118 0.493 0.12 0.168
42 0.394 0.412 0.101 0.531
52 0.419 0.782 0.467 0.3
56 0.723 0.457 0.05 0.077
81 0.651 0.175 0.144 0.138
81 0.598 0.342 0.036 0.09
81 0.297 0.207 0.22 0.215
0 0.56 0.374 0.122 0.152
56 0.794 0.48 0.033 0.081
56 0.818 0.472 0.036 0.133
56 0.024 0.504 0.046 0.151
56 0.244 0.42 0.026 0.04
56 0.278 0.418 0.006 0.04
82 0.434 0.478 0.137 0.105
0 0.362 0.367 0.014 0.029
26 0.053 0.536 0.062 0.097
0 0.208 0.386 0.075 0.276
