56 0.867 0.86 0.266 0.178
0 0.546 0.73 0.05 0.075
0 0.576 0.72 0.028 0.07
0 0.545 0.673 0.027 0.123
0 0.487 0.741 0.091 0.048
0 0.13 0.819 0.116 0.076
0 0.288 0.755 0.037 0.067
0 0.768 0.747 0.155 0.068
0 0.663 0.627 0.017 0.068
0 0.415 0.743 0.029 0.071
0 0.207 0.807 0.042 0.043
24 0.873 0.755 0.05 0.054
25 0.864 0.654 0.273 0.189
25 0.092 0.833 0.181 0.312
25 0.299 0.724 0.17 0.164
25 0.172 0.693 0.098 0.061
25 0.214 0.68 0.078 0.061
25 0.366 0.674 0.105 0.064
25 0.406 0.666 0.078 0.053
25 0.616 0.55 0.029 0.018
25 0.763 0.629 0.12 0.091
25 0.964 0.57 0.072 0.06
25 0.431 0.659 0.076 0.049
56 0.84 0.822 0.235 0.18
0 0.132 0.81 0.038 0.028
0 0.586 0.655 0.016 0.031
25 0.927 0.564 0.068 0.042
0 0.95 0.531 0.006 0.029
56 0.856 0.91 0.011 0.026
56 0.777 0.743 0.075 0.018
56 0.724 0.732 0.03 0.022
25 0.488 0.621 0.911 0.206
0 0.489 0.67 0.978 0.342
