1 0.647 0.922 0.149 0.157
5 0.136 0.782 0.124 0.094
0 0.486 0.817 0.017 0.061
0 0.394 0.817 0.012 0.063
0 0.376 0.818 0.01 0.058
0 0.648 0.86 0.065 0.24
0 0.709 0.801 0.016 0.028
0 0.241 0.811 0.011 0.045
0 0.294 0.817 0.014 0.035
74 0.133 0.291 0.045 0.063
74 0.079 0.291 0.015 0.057
7 0.937 0.78 0.125 0.131
7 0.865 0.792 0.059 0.089
9 0.253 0.714 0.014 0.073
9 0.486 0.747 0.02 0.034
0 0.205 0.821 0.014 0.081
0 0.147 0.826 0.026 0.078
5 0.051 0.787 0.05 0.074
9 0.501 0.75 0.008 0.021
9 0.341 0.747 0.018 0.031
0 0.402 0.816 0.012 0.061
0 0.222 0.824 0.031 0.075
80 0.78 0.823 0.027 0.042
26 0.692 0.874 0.044 0.042
0 0.694 0.816 0.009 0.046
24 0.487 0.81 0.011 0.027
0 0.44 0.818 0.012 0.065
80 0.355 0.824 0.024 0.025
0 0.439 0.827 0.812 0.094
