85 0.323 0.522 0.647 0.921
5 0.809 0.407 0.377 0.297
7 0.957 0.166 0.041 0.038
7 0.943 0.196 0.036 0.03
26 0.545 0.509 0.018 0.064
26 0.841 0.54 0.017 0.034
28 0.601 0.63 0.026 0.109
0 0.835 0.401 0.027 0.088
0 0.917 0.804 0.076 0.292
0 0.558 0.525 0.032 0.14
0 0.365 0.363 0.013 0.074
0 0.614 0.566 0.033 0.173
0 0.821 0.477 0.029 0.126
0 0.85 0.57 0.046 0.162
0 0.889 0.622 0.063 0.181
0 0.724 0.605 0.051 0.195
85 0.99 0.101 0.02 0.013
26 0.632 0.571 0.011 0.027
26 0.906 0.591 0.017 0.066
28 0.746 0.648 0.03 0.061
0 0.487 0.424 0.036 0.091
0 0.783 0.464 0.034 0.139
0 0.956 0.638 0.089 0.209
24 0.937 0.79 0.038 0.115
24 0.817 0.57 0.026 0.071
24 0.435 0.387 0.01 0.032
24 0.473 0.399 0.014 0.036
24 0.264 0.409 0.015 0.025
24 0.823 0.457 0.017 0.047
24 0.788 0.44 0.021 0.059
24 0.983 0.618 0.032 0.094
24 0.905 0.586 0.022 0.062
24 0.498 0.386 0.008 0.011
26 0.701 0.653 0.025 0.063
0 0.802 0.6 0.046 0.185
28 0.7 0.653 0.024 0.061
7 0.985 0.195 0.03 0.028
26 0.913 0.646 0.014 0.051
26 0.983 0.617 0.031 0.093
26 0.561 0.516 0.012 0.052
0 0.561 0.418 0.634 0.549
