0 0.853 0.735 0.085 0.274
0 0.901 0.712 0.065 0.208
0 0.769 0.659 0.031 0.108
0 0.783 0.618 0.016 0.032
0 0.614 0.674 0.068 0.126
0 0.586 0.652 0.021 0.092
0 0.531 0.659 0.018 0.093
31 0.036 0.703 0.073 0.2
0 0.02 0.732 0.04 0.304
0 0.729 0.778 0.126 0.338
0 0.99 0.681 0.02 0.18
30 0.703 0.942 0.185 0.07
30 0.541 0.671 0.007 0.065
0 0.677 0.68 0.026 0.128
0 0.287 0.466 0.007 0.045
24 0.619 0.645 0.031 0.039
24 0.925 0.634 0.024 0.022
0 0.808 0.7 0.034 0.168
30 0.849 0.863 0.063 0.049
30 0.901 0.828 0.066 0.029
30 0.615 0.731 0.038 0.011
0 0.788 0.797 0.327 0.381
