6 0.492 0.473 0.287 0.739
6 0.795 0.493 0.411 0.987
0 0.067 0.787 0.081 0.319
0 0.105 0.61 0.089 0.183
0 0.118 0.578 0.073 0.173
0 0.191 0.553 0.053 0.249
0 0.274 0.393 0.033 0.158
6 0.07 0.174 0.14 0.167
26 0.216 0.539 0.017 0.035
26 0.4 0.199 0.007 0.033
0 0.342 0.393 0.045 0.189
0 0.18 0.545 0.039 0.109
0 0.085 0.633 0.105 0.18
0 0.312 0.401 0.033 0.128
26 0.052 0.888 0.053 0.123
26 0.137 0.6 0.03 0.039
0 0.572 0.453 0.05 0.074
13 0.013 0.725 0.026 0.038
26 0.071 0.607 0.045 0.053
0 0.18 0.661 0.057 0.267
