39 0.91 0.697 0.087 0.267
63 0.793 0.581 0.224 0.25
64 0.697 0.812 0.074 0.093
66 0.489 0.698 0.304 0.137
73 0.187 0.556 0.028 0.151
73 0.179 0.666 0.157 0.082
73 0.176 0.752 0.193 0.13
83 0.514 0.419 0.237 0.414
64 0.663 0.682 0.04 0.053
73 0.214 0.544 0.032 0.173
73 0.2 0.541 0.028 0.181
73 0.112 0.556 0.026 0.169
73 0.164 0.552 0.024 0.175
73 0.232 0.54 0.048 0.197
73 0.257 0.551 0.017 0.174
73 0.262 0.524 0.044 0.223
73 0.12 0.549 0.034 0.179
73 0.131 0.543 0.048 0.181
73 0.17 0.541 0.038 0.186
