14 0.476 0.616 0.013 0.016
14 0.713 0.523 0.018 0.011
14 0.657 0.522 0.015 0.013
14 0.517 0.518 0.015 0.015
14 0.499 0.525 0.004 0.005
14 0.688 0.563 0.021 0.019
14 0.731 0.561 0.021 0.014
14 0.773 0.578 0.014 0.011
14 0.708 0.577 0.017 0.02
14 0.749 0.518 0.027 0.011
14 0.5 0.592 0.012 0.015
14 0.513 0.578 0.015 0.02
14 0.544 0.572 0.019 0.02
17 0.223 0.634 0.063 0.056
0 0.226 0.608 0.022 0.054
0 0.58 0.58 0.016 0.041
0 0.873 0.567 0.014 0.035
0 0.638 0.578 0.014 0.032
17 0.575 0.596 0.038 0.043
17 0.867 0.578 0.029 0.04
17 0.632 0.596 0.035 0.044
17 0.064 0.643 0.078 0.065
17 0.823 0.582 0.03 0.04
14 0.769 0.552 0.011 0.019
0 0.824 0.564 0.028 0.025
0 0.065 0.62 0.016 0.064
14 0.623 0.57 0.319 0.127
