2 0.774 0.119 0.064 0.071
56 0.096 0.738 0.191 0.519
56 0.534 0.332 0.034 0.097
56 0.952 0.782 0.095 0.436
56 0.533 0.179 0.072 0.067
56 0.284 0.188 0.095 0.18
56 0.093 0.211 0.086 0.064
56 0.026 0.177 0.052 0.123
56 0.112 0.087 0.052 0.035
56 0.05 0.08 0.048 0.032
82 0.485 0.653 0.625 0.667
40 0.481 0.384 0.032 0.124
41 0.529 0.465 0.034 0.125
41 0.393 0.583 0.043 0.159
41 0.591 0.764 0.138 0.267
42 0.404 0.954 0.165 0.067
42 0.606 0.672 0.065 0.043
43 0.421 0.922 0.187 0.071
43 0.608 0.639 0.068 0.04
43 0.309 0.618 0.048 0.092
43 0.598 0.55 0.051 0.074
53 0.3 0.767 0.078 0.085
53 0.477 0.566 0.13 0.093
53 0.377 0.498 0.137 0.061
53 0.497 0.714 0.07 0.062
53 0.324 0.646 0.057 0.038
2 0.912 0.085 0.086 0.052
2 0.89 0.083 0.22 0.092
0 0.47 0.309 0.169 0.287
0 0.643 0.389 0.208 0.451
0 0.806 0.622 0.351 0.755
0 0.517 0.125 0.136 0.171
0 0.296 0.127 0.098 0.226
0 0.384 0.13 0.093 0.244
0 0.19 0.579 0.32 0.688
0 0.348 0.057 0.056 0.098
0 0.482 0.086 0.065 0.111
0 0.473 0.024 0.009 0.032
0 0.616 0.027 0.007 0.03
2 0.644 0.119 0.039 0.044
2 0.626 0.092 0.032 0.033
41 0.48 0.384 0.033 0.117
41 0.449 0.151 0.016 0.019
56 0.107 0.153 0.042 0.061
56 0.399 0.173 0.073 0.185
0 0.244 0.083 0.056 0.133
53 0.386 0.789 0.112 0.147
53 0.585 0.501 0.044 0.046
53 0.266 0.862 0.114 0.092
56 0.146 0.325 0.044 0.142
0 0.92 0.031 0.009 0.021
40 0.633 0.798 0.06 0.203
56 0.213 0.11 0.021 0.081
82 0.07 0.114 0.14 0.056
82 0.094 0.346 0.182 0.228
0 0.515 0.025 0.02 0.017
