5 0.487 0.311 0.106 0.177
5 0.123 0.308 0.241 0.306
5 0.404 0.309 0.092 0.199
5 0.555 0.304 0.078 0.135
5 0.273 0.314 0.198 0.255
24 0.4 0.375 0.026 0.058
28 0.706 0.451 0.045 0.061
28 0.718 0.423 0.043 0.067
28 0.409 0.439 0.026 0.06
28 0.174 0.468 0.052 0.077
28 0.102 0.47 0.042 0.096
0 0.807 0.625 0.336 0.728
0 0.762 0.39 0.04 0.144
0 0.689 0.366 0.032 0.117
0 0.675 0.403 0.046 0.18
0 0.965 0.405 0.043 0.188
0 0.385 0.405 0.039 0.162
0 0.333 0.399 0.03 0.142
0 0.615 0.392 0.048 0.185
0 0.12 0.417 0.038 0.198
0 0.241 0.435 0.056 0.146
0 0.039 0.411 0.034 0.202
0 0.072 0.42 0.032 0.178
5 0.607 0.29 0.055 0.075
26 0.761 0.369 0.035 0.049
26 0.68 0.45 0.043 0.056
28 0.372 0.45 0.046 0.063
28 0.252 0.481 0.047 0.051
26 0.957 0.787 0.061 0.138
28 0.647 0.442 0.029 0.062
28 0.781 0.423 0.03 0.052
0 0.748 0.289 0.014 0.047
24 0.345 0.384 0.015 0.036
