39 0.527 0.422 0.081 0.097
39 0.18 0.471 0.078 0.06
82 0.496 0.496 0.956 0.33
82 0.75 0.83 0.473 0.323
82 0.928 0.126 0.111 0.225
82 0.252 0.835 0.489 0.315
41 0.65 0.418 0.073 0.065
41 0.085 0.51 0.115 0.101
44 0.326 0.329 0.055 0.031
45 0.641 0.854 0.258 0.263
45 0.302 0.887 0.215 0.149
45 0.301 0.753 0.178 0.112
45 0.11 0.758 0.166 0.097
45 0.096 0.898 0.177 0.117
45 0.312 0.565 0.176 0.083
45 0.187 0.629 0.14 0.069
45 0.328 0.625 0.226 0.08
45 0.768 0.455 0.12 0.046
45 0.724 0.123 0.427 0.218
45 0.343 0.152 0.336 0.272
0 0.898 0.465 0.186 0.229
0 0.26 0.362 0.293 0.102
45 0.31 0.356 0.124 0.054
41 0.569 0.333 0.049 0.039
41 0.51 0.343 0.05 0.042
41 0.261 0.402 0.097 0.035
0 0.832 0.344 0.251 0.062
0 0.033 0.423 0.034 0.037
45 0.334 0.384 0.091 0.034
41 0.587 0.458 0.09 0.063
45 0.492 0.269 0.979 0.434
