48 0.434 0.545 0.06 0.05
48 0.318 0.403 0.046 0.065
48 0.168 0.686 0.067 0.091
56 0.839 0.805 0.323 0.39
0 0.828 0.568 0.34 0.823
0 0.543 0.223 0.25 0.421
0 0.185 0.542 0.316 0.894
0 0.336 0.176 0.183 0.351
41 0.672 0.456 0.048 0.078
41 0.332 0.566 0.055 0.079
41 0.437 0.448 0.044 0.078
42 0.666 0.581 0.027 0.063
42 0.585 0.465 0.024 0.065
54 0.656 0.731 0.042 0.054
0 0.046 0.167 0.09 0.276
0 0.254 0.065 0.155 0.13
43 0.644 0.535 0.074 0.022
54 0.188 0.623 0.033 0.042
56 0.358 0.921 0.381 0.135
82 0.396 0.679 0.671 0.643
82 0.238 0.162 0.153 0.202
82 0.154 0.051 0.17 0.083
41 0.53 0.808 0.088 0.121
41 0.205 0.21 0.016 0.045
41 0.237 0.154 0.023 0.034
41 0.195 0.147 0.017 0.043
48 0.352 0.422 0.043 0.048
54 0.211 0.649 0.036 0.044
54 0.657 0.777 0.045 0.056
54 0.167 0.672 0.063 0.061
54 0.614 0.731 0.055 0.09
56 0.404 0.235 0.198 0.314
56 0.078 0.648 0.156 0.704
56 0.665 0.293 0.107 0.267
43 0.359 0.594 0.019 0.022
48 0.483 0.541 0.028 0.056
48 0.351 0.679 0.045 0.085
48 0.464 0.514 0.041 0.073
48 0.314 0.713 0.04 0.053
48 0.296 0.702 0.049 0.069
