2 0.824 0.79 0.167 0.09
2 0.15 0.87 0.29 0.172
0 0.933 0.81 0.124 0.153
2 0.773 0.778 0.136 0.093
2 0.921 0.742 0.091 0.033
0 0.58 0.767 0.066 0.104
0 0.638 0.771 0.027 0.076
0 0.608 0.765 0.033 0.092
9 0.821 0.47 0.061 0.1
9 0.265 0.132 0.138 0.263
9 0.811 0.567 0.057 0.07
12 0.662 0.749 0.017 0.023
26 0.941 0.777 0.045 0.038
1 0.955 0.849 0.069 0.105
2 0.857 0.734 0.037 0.021
2 0.985 0.771 0.03 0.062
9 0.274 0.552 0.053 0.077
9 0.94 0.647 0.012 0.023
9 0.292 0.247 0.084 0.115
9 0.853 0.618 0.014 0.045
2 0.69 0.762 0.088 0.07
