41 0.088 0.336 0.093 0.058
45 0.25 0.16 0.36 0.099
75 0.128 0.848 0.19 0.226
75 0.451 0.795 0.14 0.166
75 0.845 0.795 0.116 0.104
75 0.639 0.772 0.117 0.072
41 0.745 0.322 0.089 0.06
41 0.14 0.335 0.022 0.046
41 0.167 0.336 0.024 0.047
41 0.495 0.927 0.11 0.081
41 0.287 0.865 0.198 0.14
75 0.712 0.169 0.091 0.118
41 0.87 0.304 0.136 0.101
41 0.152 0.337 0.025 0.044
41 0.631 0.304 0.156 0.102
75 0.616 0.888 0.198 0.177
75 0.858 0.151 0.17 0.153
75 0.285 0.866 0.197 0.143
75 0.819 0.901 0.16 0.141
45 0.595 0.606 0.242 0.156
45 0.406 0.631 0.171 0.121
