80 0.502 0.47 0.405 0.351
80 0.846 0.463 0.306 0.462
80 0.137 0.687 0.274 0.599
80 0.925 0.828 0.149 0.307
0 0.127 0.146 0.076 0.189
0 0.234 0.139 0.169 0.206
0 0.353 0.133 0.081 0.195
0 0.417 0.13 0.069 0.204
0 0.516 0.133 0.126 0.194
0 0.795 0.221 0.058 0.223
0 0.946 0.184 0.078 0.146
0 0.733 0.212 0.087 0.314
0 0.646 0.178 0.05 0.127
0 0.59 0.163 0.041 0.136
0 0.84 0.19 0.042 0.084
24 0.913 0.208 0.076 0.098
24 0.694 0.21 0.05 0.077
0 0.95 0.237 0.099 0.268
0 0.909 0.157 0.05 0.07
0 0.499 0.237 0.998 0.396
