2 0.834 0.88 0.331 0.218
2 0.384 0.699 0.054 0.076
2 0.56 0.704 0.031 0.059
80 0.54 0.885 0.271 0.231
80 0.137 0.88 0.272 0.24
0 0.555 0.83 0.102 0.299
0 0.467 0.836 0.08 0.304
0 0.092 0.807 0.179 0.365
0 0.747 0.785 0.168 0.303
0 0.425 0.699 0.041 0.082
0 0.451 0.696 0.024 0.097
1 0.422 0.81 0.041 0.159
7 0.383 0.69 0.052 0.104
14 0.704 0.088 0.008 0.012
14 0.717 0.297 0.006 0.004
0 0.178 0.661 0.029 0.068
0 0.202 0.665 0.025 0.059
0 0.412 0.708 0.02 0.098
0 0.427 0.664 0.014 0.042
80 0.777 0.897 0.239 0.107
14 0.884 0.106 0.008 0.008
14 0.868 0.253 0.006 0.01
0 0.894 0.779 0.05 0.108
0 0.845 0.795 0.144 0.295
2 0.386 0.655 0.051 0.039
0 0.488 0.719 0.039 0.126
