39 0.445 0.376 0.091 0.145
39 0.382 0.343 0.054 0.07
39 0.34 0.335 0.047 0.065
39 0.419 0.345 0.041 0.064
39 0.032 0.303 0.046 0.092
39 0.212 0.319 0.078 0.09
56 0.895 0.717 0.208 0.174
82 0.539 0.693 0.903 0.589
0 0.606 0.314 0.286 0.332
42 0.293 0.729 0.206 0.034
42 0.8 0.725 0.115 0.031
44 0.665 0.599 0.204 0.039
45 0.417 0.825 0.238 0.166
45 0.68 0.765 0.248 0.171
45 0.536 0.563 0.129 0.086
45 0.376 0.566 0.14 0.084
45 0.375 0.478 0.256 0.113
50 0.709 0.754 0.057 0.044
50 0.596 0.72 0.061 0.053
50 0.695 0.774 0.041 0.02
50 0.653 0.715 0.053 0.028
50 0.674 0.793 0.058 0.045
50 0.587 0.757 0.037 0.044
39 0.08 0.307 0.041 0.059
39 0.291 0.337 0.049 0.06
73 0.98 0.609 0.041 0.055
73 0.948 0.545 0.1 0.079
39 0.123 0.322 0.061 0.074
39 0.461 0.181 0.036 0.049
50 0.656 0.745 0.029 0.017
50 0.746 0.789 0.049 0.043
50 0.682 0.741 0.027 0.028
51 0.555 0.491 0.019 0.015
51 0.601 0.525 0.03 0.016
73 0.956 0.571 0.088 0.113
