56 0.409 0.67 0.124 0.3
56 0.496 0.624 0.084 0.296
56 0.195 0.828 0.311 0.318
84 0.911 0.717 0.178 0.54
0 0.419 0.465 0.07 0.158
0 0.565 0.534 0.081 0.198
82 0.284 0.668 0.397 0.287
72 0.642 0.462 0.072 0.349
74 0.07 0.387 0.03 0.064
68 0.228 0.463 0.054 0.079
49 0.248 0.548 0.011 0.015
49 0.258 0.55 0.007 0.007
75 0.139 0.393 0.02 0.042
75 0.153 0.497 0.019 0.041
75 0.145 0.451 0.013 0.031
24 0.805 0.914 0.146 0.162
26 0.736 0.599 0.083 0.106
56 0.913 0.72 0.173 0.561
84 0.192 0.835 0.316 0.33
82 0.056 0.932 0.112 0.134
69 0.541 0.55 0.045 0.131
69 0.227 0.466 0.046 0.079
39 0.46 0.514 0.022 0.056
46 0.182 0.6 0.02 0.033
