81 0.035 0.494 0.069 0.418
81 0.147 0.565 0.038 0.068
83 0.388 0.352 0.097 0.119
84 0.704 0.597 0.256 0.27
84 0.092 0.595 0.176 0.338
84 0.658 0.515 0.232 0.11
73 0.155 0.303 0.057 0.077
73 0.139 0.416 0.008 0.06
75 0.18 0.201 0.024 0.06
56 0.39 0.644 0.267 0.455
56 0.818 0.731 0.175 0.329
56 0.091 0.561 0.172 0.26
56 0.918 0.698 0.146 0.293
82 0.976 0.589 0.048 0.073
73 0.132 0.194 0.004 0.063
73 0.146 0.413 0.006 0.057
73 0.218 0.435 0.019 0.021
73 0.51 0.355 0.004 0.032
73 0.23 0.313 0.006 0.063
73 0.492 0.423 0.005 0.023
75 0.205 0.317 0.02 0.051
73 0.158 0.419 0.01 0.061
73 0.506 0.353 0.004 0.03
73 0.501 0.278 0.006 0.032
56 0.301 0.585 0.125 0.28
84 0.39 0.644 0.265 0.454
