81 0.15 0.216 0.061 0.149
56 0.475 0.483 0.123 0.251
56 0.388 0.385 0.058 0.135
56 0.558 0.44 0.023 0.131
56 0.501 0.63 0.112 0.312
82 0.724 0.662 0.496 0.421
39 0.564 0.59 0.06 0.262
39 0.779 0.205 0.036 0.138
39 0.165 0.693 0.076 0.179
45 0.446 0.904 0.257 0.185
45 0.356 0.756 0.201 0.174
45 0.087 0.757 0.109 0.061
45 0.933 0.965 0.134 0.069
68 0.127 0.364 0.111 0.159
83 0.931 0.142 0.138 0.233
69 0.039 0.245 0.074 0.321
69 0.036 0.567 0.069 0.336
75 0.145 0.253 0.053 0.079
56 0.539 0.354 0.023 0.05
