27 0.756 0.487 0.029 0.036
0 0.768 0.468 0.313 0.169
0 0.314 0.525 0.175 0.137
0 0.569 0.499 0.063 0.105
0 0.613 0.477 0.043 0.046
2 0.518 0.46 0.055 0.023
2 0.475 0.461 0.037 0.018
46 0.775 0.768 0.184 0.137
46 0.437 0.848 0.256 0.129
46 0.463 0.72 0.178 0.162
46 0.641 0.597 0.173 0.099
46 0.348 0.912 0.129 0.174
46 0.877 0.68 0.13 0.067
46 0.145 0.945 0.29 0.11
46 0.698 0.817 0.277 0.116
46 0.619 0.911 0.135 0.158
46 0.23 0.904 0.232 0.165
46 0.36 0.761 0.15 0.115
46 0.396 0.723 0.1 0.101
0 0.177 0.697 0.237 0.387
2 0.487 0.451 0.022 0.008
46 0.884 0.914 0.233 0.172
0 0.043 0.633 0.085 0.489
46 0.578 0.756 0.839 0.484
