39 0.48 0.622 0.032 0.095
27 0.723 0.525 0.025 0.132
27 0.245 0.189 0.021 0.112
56 0.353 0.505 0.096 0.131
56 0.902 0.526 0.113 0.272
44 0.262 0.801 0.05 0.063
0 0.509 0.448 0.153 0.256
0 0.749 0.628 0.284 0.721
0 0.235 0.249 0.087 0.364
0 0.07 0.779 0.141 0.417
0 0.653 0.362 0.07 0.18
0 0.448 0.176 0.051 0.129
0 0.558 0.301 0.086 0.427
0 0.32 0.247 0.066 0.265
0 0.388 0.242 0.073 0.249
0 0.704 0.271 0.033 0.059
26 0.37 0.233 0.04 0.051
39 0.297 0.714 0.036 0.116
47 0.305 0.796 0.038 0.076
0 0.554 0.754 0.352 0.493
26 0.12 0.439 0.035 0.077
56 0.601 0.368 0.03 0.134
56 0.984 0.563 0.032 0.189
82 0.315 0.741 0.314 0.294
82 0.419 0.605 0.275 0.177
82 0.556 0.878 0.51 0.244
73 0.197 0.694 0.169 0.19
73 0.283 0.372 0.028 0.034
0 0.836 0.381 0.123 0.245
0 0.064 0.308 0.125 0.337
73 0.799 0.112 0.031 0.019
73 0.919 0.164 0.007 0.061
0 0.5 0.299 0.997 0.556
