83 0.221 0.72 0.145 0.19
56 0.456 0.808 0.303 0.32
84 0.056 0.803 0.111 0.393
73 0.684 0.489 0.011 0.07
73 0.543 0.478 0.008 0.06
73 0.564 0.477 0.009 0.066
73 0.669 0.49 0.007 0.061
73 0.658 0.488 0.011 0.062
73 0.676 0.488 0.009 0.068
73 0.76 0.493 0.025 0.072
39 0.748 0.833 0.021 0.099
81 0.7 0.37 0.192 0.213
73 0.739 0.607 0.075 0.095
73 0.691 0.488 0.007 0.061
73 0.741 0.492 0.013 0.069
73 0.566 0.675 0.024 0.06
73 0.597 0.483 0.005 0.065
39 0.76 0.842 0.014 0.095
73 0.623 0.697 0.027 0.072
73 0.527 0.527 0.706 0.688
