9 0.543 0.177 0.017 0.062
9 0.247 0.19 0.018 0.057
0 0.52 0.596 0.115 0.467
0 0.446 0.489 0.043 0.132
0 0.339 0.49 0.041 0.142
0 0.415 0.492 0.024 0.129
0 0.388 0.487 0.032 0.106
0 0.759 0.439 0.015 0.021
0 0.657 0.447 0.018 0.031
36 0.507 0.794 0.045 0.048
0 0.439 0.511 0.028 0.082
0 0.937 0.44 0.045 0.062
2 0.93 0.698 0.14 0.433
2 0.879 0.634 0.242 0.341
2 0.056 0.74 0.112 0.503
2 0.807 0.579 0.213 0.298
2 0.71 0.564 0.095 0.225
2 0.627 0.543 0.068 0.157
2 0.148 0.584 0.297 0.39
2 0.108 0.711 0.204 0.428
2 0.695 0.543 0.113 0.2
2 0.61 0.53 0.106 0.141
2 0.225 0.441 0.073 0.115
2 0.605 0.463 0.108 0.062
9 0.393 0.393 0.007 0.014
9 0.262 0.191 0.018 0.056
9 0.38 0.421 0.003 0.01
9 0.454 0.346 0.006 0.025
0 0.687 0.43 0.017 0.029
2 0.267 0.515 0.068 0.186
0 0.352 0.452 0.014 0.057
0 0.358 0.497 0.023 0.097
9 0.394 0.4 0.007 0.022
9 0.568 0.177 0.021 0.058
2 0.408 0.491 0.306 0.18
