0 0.651 0.91 0.028 0.058
0 0.435 0.889 0.006 0.011
0 0.561 0.889 0.022 0.023
0 0.251 0.91 0.042 0.082
0 0.28 0.878 0.015 0.015
0 0.296 0.875 0.015 0.018
0 0.349 0.878 0.013 0.021
0 0.374 0.88 0.015 0.028
0 0.408 0.882 0.013 0.021
0 0.456 0.884 0.014 0.032
0 0.527 0.89 0.022 0.021
33 0.799 0.634 0.042 0.021
33 0.631 0.748 0.019 0.013
33 0.554 0.801 0.007 0.007
33 0.445 0.76 0.019 0.016
33 0.19 0.66 0.026 0.011
33 0.12 0.782 0.026 0.011
33 0.903 0.727 0.02 0.029
33 0.928 0.758 0.013 0.015
33 0.95 0.51 0.026 0.031
33 0.429 0.736 0.018 0.01
33 0.186 0.595 0.009 0.005
33 0.741 0.513 0.03 0.029
0 0.184 0.899 0.053 0.081
33 0.944 0.498 0.01 0.008
0 0.74 0.896 0.012 0.027
0 0.499 0.886 0.998 0.109
33 0.516 0.677 0.944 0.378
