14 0.441 0.413 0.081 0.045
14 0.719 0.335 0.065 0.068
14 0.79 0.544 0.061 0.092
14 0.891 0.607 0.051 0.059
14 0.707 0.703 0.038 0.048
14 0.408 0.362 0.046 0.037
14 0.357 0.652 0.041 0.037
14 0.105 0.556 0.076 0.063
14 0.096 0.626 0.035 0.046
14 0.379 0.537 0.025 0.05
14 0.393 0.497 0.088 0.044
14 0.183 0.524 0.038 0.025
14 0.246 0.487 0.031 0.028
14 0.385 0.406 0.02 0.028
14 0.494 0.482 0.062 0.044
14 0.69 0.615 0.039 0.066
14 0.762 0.403 0.027 0.077
14 0.54 0.627 0.023 0.019
14 0.582 0.248 0.039 0.029
14 0.47 0.579 0.014 0.026
14 0.449 0.613 0.015 0.024
14 0.533 0.195 0.015 0.033
14 0.293 0.641 0.021 0.022
0 0.374 0.844 0.054 0.23
14 0.375 0.229 0.04 0.028
14 0.783 0.689 0.017 0.056
14 0.5 0.46 0.997 0.92
