16 0.478 0.42 0.147 0.21
83 0.08 0.355 0.161 0.221
83 0.347 0.504 0.127 0.151
15 0.871 0.845 0.224 0.198
84 0.632 0.55 0.477 0.521
39 0.843 0.524 0.021 0.072
39 0.624 0.872 0.048 0.137
73 0.414 0.235 0.008 0.036
73 0.413 0.28 0.006 0.033
73 0.415 0.324 0.005 0.032
73 0.418 0.365 0.01 0.034
73 0.424 0.322 0.005 0.029
73 0.383 0.312 0.032 0.024
73 0.419 0.28 0.008 0.035
73 0.408 0.282 0.005 0.033
73 0.434 0.233 0.007 0.034
73 0.412 0.325 0.004 0.033
73 0.159 0.55 0.043 0.028
65 0.91 0.589 0.033 0.016
