0 0.175 0.285 0.283 0.562
0 0.323 0.293 0.346 0.393
0 0.293 0.192 0.255 0.384
34 0.735 0.159 0.068 0.183
34 0.773 0.191 0.083 0.115
34 0.409 0.2 0.016 0.267
34 0.552 0.193 0.018 0.255
35 0.343 0.874 0.17 0.216
35 0.373 0.692 0.139 0.104
35 0.597 0.507 0.085 0.067
35 0.615 0.387 0.096 0.042
0 0.013 0.605 0.027 0.375
0 0.606 0.113 0.055 0.225
34 0.466 0.175 0.015 0.214
34 0.423 0.304 0.016 0.186
34 0.761 0.213 0.056 0.139
34 0.511 0.269 0.118 0.146
34 0.568 0.217 0.022 0.242
35 0.477 0.55 0.061 0.044
35 0.69 0.319 0.037 0.044
35 0.675 0.358 0.028 0.043
0 0.066 0.497 0.132 0.452
