32 0.279 0.34 0.013 0.009
56 0.349 0.73 0.047 0.086
56 0.304 0.727 0.045 0.089
38 0.313 0.472 0.042 0.03
38 0.741 0.408 0.039 0.032
0 0.349 0.501 0.055 0.176
0 0.745 0.385 0.068 0.108
0 0.775 0.165 0.03 0.063
0 0.726 0.13 0.025 0.055
0 0.896 0.978 0.034 0.045
0 0.143 0.534 0.061 0.152
0 0.415 0.205 0.024 0.043
0 0.052 0.727 0.044 0.115
0 0.377 0.203 0.033 0.047
0 0.383 0.126 0.025 0.063
0 0.404 0.121 0.025 0.054
13 0.143 0.964 0.285 0.07
13 0.348 0.217 0.025 0.018
13 0.255 0.221 0.022 0.013
13 0.207 0.222 0.024 0.015
0 0.886 0.926 0.041 0.057
13 0.061 0.168 0.042 0.015
24 0.385 0.758 0.052 0.049
28 0.264 0.758 0.042 0.054
28 0.351 0.717 0.034 0.013
0 0.319 0.128 0.028 0.058
13 0.027 0.181 0.021 0.018
13 0.09 0.145 0.022 0.029
32 0.36 0.724 0.003 0.004
0 0.495 0.464 0.988 0.927
