0 0.114 0.541 0.015 0.041
0 0.099 0.541 0.015 0.035
0 0.531 0.546 0.009 0.01
2 0.164 0.542 0.056 0.035
2 0.856 0.529 0.076 0.042
2 0.931 0.525 0.056 0.026
2 0.797 0.528 0.051 0.025
8 0.845 0.621 0.194 0.045
8 0.106 0.843 0.211 0.078
8 0.744 0.579 0.118 0.023
8 0.218 0.656 0.293 0.085
0 0.217 0.53 0.019 0.026
8 0.071 0.785 0.143 0.05
8 0.283 0.617 0.147 0.021
8 0.083 0.739 0.166 0.068
8 0.653 0.555 0.072 0.012
8 0.321 0.591 0.1 0.017
8 0.421 0.544 0.04 0.01
8 0.796 0.606 0.125 0.038
8 0.29 0.603 0.131 0.017
80 0.889 0.539 0.035 0.03
8 0.61 0.55 0.034 0.013
2 0.037 0.546 0.074 0.041
2 0.303 0.521 0.038 0.03
8 0.5 0.557 0.44 0.067
