39 0.276 0.439 0.016 0.055
39 0.261 0.434 0.012 0.061
74 0.889 0.326 0.071 0.109
56 0.568 0.853 0.141 0.294
56 0.716 0.836 0.135 0.328
56 0.844 0.794 0.14 0.344
46 0.817 0.482 0.026 0.021
47 0.836 0.504 0.019 0.024
47 0.819 0.497 0.018 0.02
47 0.851 0.503 0.017 0.02
49 0.836 0.488 0.019 0.015
49 0.867 0.497 0.019 0.014
82 0.483 0.743 0.965 0.514
69 0.375 0.528 0.126 0.067
71 0.512 0.569 0.267 0.072
41 0.488 0.432 0.025 0.062
45 0.204 0.477 0.04 0.038
45 0.841 0.496 0.099 0.05
56 0.422 0.868 0.156 0.24
72 0.092 0.373 0.175 0.34
39 0.66 0.528 0.015 0.064
