0 0.215 0.408 0.353 0.773
45 0.855 0.424 0.108 0.087
0 0.958 0.774 0.084 0.131
39 0.511 0.562 0.094 0.632
39 0.59 0.486 0.057 0.366
39 0.633 0.476 0.055 0.343
39 0.665 0.41 0.04 0.328
39 0.7 0.415 0.035 0.331
39 0.381 0.32 0.017 0.096
39 0.365 0.318 0.019 0.107
39 0.341 0.317 0.018 0.106
39 0.322 0.313 0.018 0.064
39 0.919 0.356 0.026 0.12
39 0.718 0.467 0.022 0.228
83 0.047 0.032 0.095 0.063
83 0.83 0.257 0.099 0.135
72 0.767 0.364 0.122 0.229
39 0.55 0.499 0.041 0.385
40 0.275 0.861 0.129 0.247
40 0.683 0.685 0.078 0.217
82 0.505 0.614 0.99 0.745
