39 0.9 0.683 0.025 0.123
39 0.939 0.68 0.03 0.12
39 0.888 0.669 0.014 0.113
39 0.984 0.707 0.032 0.215
39 0.785 0.659 0.026 0.113
39 0.76 0.652 0.017 0.08
25 0.827 0.417 0.128 0.074
25 0.691 0.18 0.613 0.36
25 0.275 0.272 0.546 0.449
0 0.683 0.656 0.248 0.378
0 0.493 0.628 0.157 0.286
0 0.644 0.473 0.185 0.267
0 0.9 0.573 0.152 0.225
0 0.251 0.595 0.08 0.19
0 0.159 0.689 0.155 0.409
0 0.314 0.674 0.097 0.313
0 0.638 0.376 0.132 0.146
0 0.772 0.57 0.07 0.188
0 0.094 0.758 0.189 0.485
0 0.199 0.601 0.089 0.221
39 0.907 0.671 0.021 0.123
39 0.736 0.624 0.02 0.04
56 0.657 0.835 0.311 0.199
56 0.474 0.833 0.174 0.334
56 0.252 0.685 0.023 0.084
56 0.11 0.866 0.211 0.267
56 0.237 0.793 0.101 0.235
56 0.917 0.897 0.166 0.169
56 0.326 0.722 0.066 0.178
56 0.816 0.589 0.041 0.072
56 0.783 0.595 0.037 0.079
82 0.721 0.935 0.553 0.094
82 0.904 0.768 0.143 0.135
82 0.807 0.717 0.085 0.067
40 0.859 0.702 0.032 0.08
56 0.411 0.652 0.048 0.077
