1 0.891 0.207 0.135 0.118
0 0.747 0.51 0.361 0.296
0 0.752 0.243 0.177 0.351
0 0.397 0.356 0.218 0.196
0 0.482 0.124 0.124 0.17
0 0.211 0.151 0.102 0.175
46 0.612 0.697 0.171 0.127
0 0.666 0.13 0.086 0.169
0 0.157 0.108 0.09 0.122
0 0.71 0.105 0.073 0.146
0 0.41 0.108 0.063 0.102
46 0.468 0.746 0.154 0.101
46 0.708 0.784 0.161 0.123
46 0.515 0.896 0.132 0.088
46 0.9 0.852 0.149 0.073
46 0.7 0.676 0.102 0.097
46 0.398 0.852 0.229 0.187
46 0.294 0.765 0.14 0.106
46 0.933 0.944 0.053 0.03
46 0.496 0.527 0.063 0.034
46 0.429 0.529 0.075 0.037
46 0.785 0.75 0.186 0.129
46 0.939 0.808 0.121 0.078
46 0.606 0.509 0.784 0.978
