17 0.726 0.293 0.033 0.052
17 0.064 0.222 0.027 0.053
19 0.239 0.586 0.238 0.565
0 0.718 0.259 0.041 0.09
0 0.065 0.205 0.038 0.08
19 0.528 0.563 0.138 0.357
19 0.706 0.457 0.11 0.24
19 0.86 0.441 0.163 0.289
19 0.595 0.407 0.167 0.151
19 0.476 0.345 0.045 0.035
19 0.426 0.344 0.052 0.046
19 0.386 0.595 0.163 0.456
19 0.329 0.344 0.038 0.029
19 0.676 0.328 0.064 0.043
19 0.747 0.399 0.068 0.169
19 0.939 0.399 0.048 0.157
19 0.443 0.296 0.033 0.037
19 0.067 0.634 0.134 0.71
17 0.718 0.279 0.026 0.059
19 0.575 0.377 0.847 0.306
