0 0.3 0.606 0.104 0.353
0 0.34 0.399 0.104 0.244
0 0.535 0.407 0.102 0.255
0 0.897 0.457 0.123 0.373
0 0.863 0.818 0.176 0.345
0 0.637 0.812 0.153 0.369
0 0.469 0.614 0.114 0.394
0 0.619 0.544 0.102 0.283
0 0.122 0.77 0.149 0.416
0 0.249 0.833 0.183 0.308
0 0.391 0.829 0.155 0.331
0 0.541 0.815 0.151 0.326
27 0.737 0.784 0.024 0.061
27 0.385 0.787 0.019 0.067
27 0.128 0.706 0.015 0.056
27 0.496 0.227 0.01 0.021
27 0.116 0.252 0.011 0.049
27 0.226 0.257 0.013 0.036
27 0.263 0.821 0.018 0.062
27 0.408 0.258 0.019 0.094
0 0.706 0.586 0.085 0.324
26 0.684 0.602 0.067 0.188
27 0.599 0.23 0.584 0.136
27 0.521 0.794 0.011 0.046
27 0.855 0.827 0.014 0.096
0 0.526 0.52 0.933 0.952
