50 0.389 0.421 0.231 0.207
50 0.329 0.615 0.23 0.194
50 0.232 0.548 0.092 0.134
50 0.791 0.391 0.178 0.204
50 0.696 0.67 0.088 0.126
50 0.57 0.283 0.126 0.107
82 0.5 0.495 1.0 0.98
39 0.906 0.083 0.188 0.166
45 0.5 0.569 1.0 0.74
51 0.238 0.276 0.114 0.119
51 0.685 0.831 0.17 0.108
51 0.479 0.837 0.148 0.106
51 0.272 0.801 0.141 0.14
51 0.457 0.638 0.151 0.206
51 0.523 0.473 0.107 0.204
51 0.85 0.488 0.123 0.169
51 0.876 0.767 0.208 0.268
51 0.909 0.369 0.129 0.153
51 0.145 0.358 0.089 0.121
51 0.205 0.699 0.13 0.155
51 0.579 0.577 0.116 0.169
51 0.685 0.714 0.235 0.278
51 0.52 0.564 0.925 0.681
