2 0.7 0.707 0.057 0.045
2 0.63 0.704 0.044 0.043
9 0.242 0.559 0.017 0.039
26 0.664 0.79 0.051 0.144
0 0.662 0.82 0.073 0.286
0 0.943 0.841 0.108 0.318
0 0.175 0.688 0.026 0.054
0 0.253 0.751 0.085 0.171
0 0.267 0.675 0.016 0.028
0 0.3 0.673 0.014 0.039
0 0.461 0.683 0.012 0.05
0 0.336 0.675 0.013 0.041
0 0.317 0.678 0.022 0.05
0 0.113 0.651 0.008 0.035
0 0.099 0.653 0.01 0.042
1 0.253 0.812 0.119 0.121
0 0.068 0.674 0.032 0.065
26 0.906 0.785 0.022 0.092
0 0.132 0.653 0.011 0.042
0 0.493 0.636 0.986 0.223
