67 0.661 0.365 0.164 0.049
56 0.61 0.195 0.145 0.07
56 0.167 0.4 0.299 0.09
82 0.5 0.692 1.0 0.584
0 0.716 0.32 0.569 0.64
0 0.394 0.179 0.238 0.352
41 0.276 0.667 0.174 0.174
42 0.464 0.544 0.118 0.064
43 0.412 0.544 0.168 0.088
75 0.125 0.505 0.114 0.324
24 0.673 0.341 0.54 0.322
26 0.755 0.32 0.377 0.284
26 0.415 0.074 0.132 0.148
44 0.97 0.96 0.06 0.08
48 0.655 0.586 0.295 0.075
74 0.412 0.084 0.018 0.024
26 0.504 0.457 0.17 0.078
42 0.915 0.946 0.088 0.107
42 0.424 0.561 0.035 0.017
48 0.539 0.877 0.154 0.088
48 0.338 0.859 0.276 0.184
