81 0.873 0.28 0.142 0.165
81 0.699 0.22 0.372 0.436
81 0.553 0.363 0.087 0.148
81 0.752 0.556 0.101 0.288
56 0.601 0.769 0.069 0.434
56 0.146 0.791 0.148 0.391
56 0.306 0.57 0.047 0.093
82 0.361 0.786 0.49 0.405
72 0.954 0.581 0.093 0.812
39 0.36 0.236 0.027 0.063
45 0.792 0.716 0.09 0.086
45 0.88 0.711 0.091 0.071
75 0.36 0.637 0.056 0.142
49 0.78 0.71 0.025 0.023
49 0.808 0.713 0.027 0.026
81 0.358 0.54 0.144 0.327
45 0.414 0.611 0.07 0.046
49 0.878 0.71 0.023 0.015
49 0.896 0.706 0.023 0.022
