2 0.917 0.243 0.166 0.062
2 0.48 0.252 0.035 0.035
2 0.512 0.248 0.018 0.027
2 0.561 0.252 0.012 0.014
9 0.82 0.14 0.011 0.039
9 0.598 0.064 0.012 0.042
9 0.371 0.153 0.014 0.043
0 0.394 0.245 0.011 0.053
1 0.461 0.767 0.529 0.395
9 0.138 0.098 0.018 0.059
9 0.12 0.101 0.015 0.049
9 0.797 0.138 0.015 0.038
2 0.158 0.238 0.158 0.073
9 0.956 0.062 0.013 0.067
9 0.116 0.147 0.009 0.029
2 0.491 0.247 0.028 0.037
9 0.14 0.145 0.016 0.031
9 0.634 0.204 0.006 0.022
0 0.461 0.245 0.009 0.033
10 0.68 0.262 0.005 0.014
